NUM   TIPO   MODIF  MI ANOI MF ANOF
XXXX XXXXX XXXXXXXX XX XXXX XX XXXX
   1 POTEF   640.00 11 2024          ANGRA 1
   1 FCMAX   100.00 11 2024          
   1 TEIFT     0.00 11 2024 11 2024  
   1 GTMIN   639.99 11 2024 11 2024  
   1 GTMIN   509.82 12 2024  3 2025  
   1 IPTER     0.00  1 2025  3 2025  
   1 IPTER    86.67  4 2025  4 2025  
   1 GTMIN    83.48  4 2025  4 2025  
   1 IPTER   100.00  5 2025  5 2025  
   1 IPTER    43.33  6 2025  6 2025  
   1 GTMIN   354.92  6 2025  6 2025  
   1 IPTER     0.00  7 2025 12 2025  
   1 GTMIN   509.82  7 2025          
  13 POTEF  1350.00 11 2024          ANGRA 2
  13 FCMAX    23.44 11 2024 11 2024  
  13 TEIFT     0.00 11 2024 11 2024  
  13 GTMIN   316.43 11 2024 11 2024  
  13 FCMAX   100.00 12 2024          
  13 GTMIN   423.39 12 2024 12 2024  
  13 GTMIN  1080.00  1 2025          
 211 POTEF   530.00 11 2024          BAIXADA FLU
 211 FCMAX   100.00 11 2024          
 211 TEIFT     0.00 11 2024 11 2024  
 256 POTEF    80.00  9 2026          CIDADE LIVRO
  97 POTEF   216.00 11 2024 12 2024  CUBATAO
  97 FCMAX    96.76 11 2024 11 2024  
  97 TEIFT     0.00 11 2024 11 2024  
  97 GTMIN   110.00 11 2024 11 2024  
  97 FCMAX   100.00 12 2024 12 2024  
  97 GTMIN    86.40 12 2024 12 2024  
  97 POTEF   249.90  1 2025          CUBATAO
  97 FCMAX    86.43  1 2025          
  97 IPTER     0.00  1 2025  5 2025  
  97 TEIFT     8.65  1 2025          
  97 IPTER    33.47  6 2025  6 2025  
  97 IPTER    13.94  7 2025  7 2025  
  97 IPTER    14.81  8 2025  8 2025  
  97 IPTER     1.33  9 2025  9 2025  
  97 IPTER     0.00 10 2025 12 2025  
  97 IPTER    11.35  1 2026          
  12 POTEF   529.20 11 2024          CUIABA G CC
  12 FCMAX    89.95 11 2024 11 2024  
  12 TEIFT     0.00 11 2024 11 2024  
  12 FCMAX    90.00 12 2024          
 153 POTEF    44.44 11 2024          DAIA
 153 FCMAX     0.00 11 2024          
  65 POTEF   254.80 11 2024          DO ATLAN_CSA
  65 FCMAX    48.39 11 2024          
  65 TEIFT     0.00 11 2024 11 2024  
  65 GTMIN   123.29 11 2024 11 2024  
  65 GTMIN   121.60 12 2024  2 2025  
  65 IPTER     0.00  1 2025  2 2025  
  65 IPTER    12.90  3 2025  3 2025  
  65 GTMIN   105.91  3 2025  3 2025  
  65 IPTER     0.00  4 2025  9 2025  
  65 GTMIN   121.60  4 2025  9 2025  
  65 IPTER    12.90 10 2025 10 2025  
  65 GTMIN   105.91 10 2025 10 2025  
  65 IPTER     0.00 11 2025 12 2025  
  65 GTMIN   121.60 11 2025 12 2025  
  65 GTMIN   114.17  1 2026          
 183 POTEF   235.20 11 2024          DO_ATLANTICO
 183 FCMAX    92.98 11 2024 11 2024  
 183 TEIFT     0.00 11 2024 11 2024  
 183 GTMIN   218.68 11 2024 11 2024  
 183 FCMAX    93.00 12 2024 12 2025  
 183 IPTER     6.11 12 2024 12 2025  
 183 GTMIN   201.50 12 2024 12 2025  
 183 FCMAX     0.00  1 2026          
 137 POTEF  1338.30 11 2024          GNA I
 137 TEIFT     0.00 11 2024 11 2024  
 137 IPTER     0.00  1 2025  3 2025  
 137 IPTER    10.86  4 2025  4 2025  
 137 IPTER     0.00  5 2025 12 2025  
 238 POTEF  1672.60  9 2025          GNA II
 238 GTMIN  1598.16  9 2025 10 2025  
 238 GTMIN  1278.58 11 2025 11 2025  
 238 GTMIN  1598.16  7 2026 10 2026  
 238 GTMIN  1278.58 11 2026 11 2026  
 238 GTMIN  1598.16  7 2027 10 2027  
 238 GTMIN  1278.58 11 2027 11 2027  
 238 GTMIN  1598.16  7 2028 10 2028  
 238 GTMIN  1278.58 11 2028 11 2028  
  63 POTEF   235.00 11 2024          IBIRITE
  63 TEIFT     0.00 11 2024 11 2024  
  63 FCMAX    43.33  9 2025  9 2025  
  63 FCMAX     0.00 10 2025  6 2026  
  63 FCMAX   100.00  7 2026          
  63 IPTER     5.80  7 2026          
  63 TEIFT     4.70  7 2026          
  54 POTEF    87.05 11 2024          JUIZ DE FORA
  54 FCMAX    96.50 11 2024 11 2024  
  54 TEIFT     0.00 11 2024 11 2024  
  54 FCMAX    99.94 12 2024  8 2025  
  54 IPTER     0.00  1 2025  2 2025  
  54 IPTER    22.58  3 2025  3 2025  
  54 IPTER     0.00  4 2025  9 2025  
  54 FCMAX    43.31  9 2025  9 2025  
  54 FCMAX     0.00 10 2025          
 245 POTEF   258.64 11 2024  5 2026  KARKEY 013
 245 FCMAX    98.98 11 2024  5 2026  
 245 TEIFT     0.00 11 2024 11 2024  
 245 GTMIN    30.00 11 2024 11 2024  
 245 GTMIN    29.00 12 2024  5 2026  
 245 IPTER     0.00  1 2025  4 2025  
 245 IPTER     0.52  5 2025  5 2025  
 245 IPTER     0.00  6 2025 10 2025  
 245 IPTER     0.53 11 2025 11 2025  
 245 IPTER     0.00 12 2025 12 2025  
 246 POTEF   115.92 11 2024  5 2026  KARKEY 019
 246 TEIFT     0.00 11 2024 11 2024  
 246 IPTER     0.00  1 2025  1 2025  
 246 IPTER     0.56  2 2025  2 2025  
 246 IPTER     0.00  3 2025  3 2025  
 246 IPTER     2.63  4 2025  4 2025  
 246 IPTER     0.00  5 2025  7 2025  
 246 IPTER     0.17  8 2025  8 2025  
 246 IPTER     0.00  9 2025  9 2025  
 246 IPTER     0.51 10 2025 10 2025  
 246 IPTER     0.00 11 2025 12 2025  
  15 POTEF   204.00 11 2024  6 2026  LINHARES
  15 FCMAX   100.00 11 2024 12 2025  
  15 TEIFT     0.00 11 2024  1 2025  
  15 IPTER     0.00  1 2025  2 2025  
  15 FCMAX     0.00  1 2026  6 2026  
 257 POTEF   204.00  7 2026          LINHARES LRC
 247 POTEF    36.00 11 2024  1 2026  LINHARES PCS
 247 TEIFT     0.00 11 2024 11 2024  
 247 FCMAX    32.25  1 2026  1 2026  
 236 POTEF   565.50 11 2024          MARLIM AZUL
 236 TEIFT     0.00 11 2024 11 2024  
 236 GTMIN   468.23 11 2024 11 2024  
 236 GTMIN   420.84 12 2024  4 2025  
 236 IPTER     0.00  1 2025  4 2025  
 236 IPTER   100.00  5 2025  6 2025  
 236 IPTER    93.55  7 2025  7 2025  
 236 IPTER     0.00  8 2025 12 2025  
 236 GTMIN   420.84 11 2025  4 2026  
 236 GTMIN   420.84 11 2026  4 2027  
 236 GTMIN   420.84 11 2027  4 2028  
 236 GTMIN   420.84 11 2028          
 110 POTEF   386.38 11 2024          N.PIRATINING
 110 FCMAX    99.90 11 2024 11 2024  
 110 TEIFT     0.00 11 2024 11 2024  
 110 FCMAX    97.00 12 2024  8 2025  
 110 IPTER     0.00  1 2025  6 2025  
 110 IPTER    23.40  7 2025  7 2025  
 110 IPTER    15.96  8 2025  8 2025  
 110 FCMAX    42.03  9 2025  9 2025  
 110 IPTER     0.00  9 2025  9 2025  
 110 FCMAX     0.00 10 2025          
 171 POTEF   400.00 11 2024          NORTEFLU-1
 171 FCMAX   100.00 11 2024 11 2024  
 171 TEIFT     0.00 11 2024 11 2024  
 171 GTMIN   386.67 11 2024 11 2024  
 171 FCMAX    22.58 12 2024 12 2024  
 171 GTMIN    90.31 12 2024 12 2024  
 171 FCMAX     0.00  1 2025          
 172 POTEF   100.00 11 2024          NORTEFLU-2
 172 FCMAX   100.00 11 2024 11 2024  
 172 TEIFT     0.00 11 2024 11 2024  
 172 FCMAX    22.58 12 2024 12 2024  
 172 FCMAX     0.00  1 2025          
 173 POTEF   200.00 11 2024          NORTEFLU-3
 173 FCMAX   100.00 11 2024 11 2024  
 173 TEIFT     0.00 11 2024 11 2024  
 173 FCMAX    22.58 12 2024 12 2024  
 173 FCMAX     0.00  1 2025          
 174 POTEF   126.78 11 2024          NORTEFLU-4
 174 FCMAX    99.38 11 2024 11 2024  
 174 TEIFT     0.00 11 2024 11 2024  
 174 FCMAX    22.57 12 2024 12 2024  
 174 FCMAX     0.00  1 2025          
 229 POTEF    50.00 11 2024          ONCA PINTADA
 229 FCMAX   100.00 11 2024 11 2024  
 229 TEIFT     0.00 11 2024 11 2024  
 229 GTMIN    30.00 11 2024 11 2024  
 229 FCMAX    95.00 12 2024          
 229 IPTER     0.00  1 2025  3 2025  
 229 IPTER    13.33  4 2025  4 2025  
 229 IPTER     0.00  5 2025 12 2025  
 229 GTMIN    27.44  5 2025  7 2025  
 229 GTMIN    27.44  4 2026  6 2026  
 229 GTMIN    27.44  5 2027  7 2027  
 229 GTMIN    27.44  4 2028  6 2028  
 182 POTEF   175.56 11 2024          PALMEIRAS GO
 182 FCMAX    55.44 11 2024 11 2024  
 182 TEIFT     0.00 11 2024 11 2024  
 182 FCMAX    80.00 12 2024 12 2025  
 182 FCMAX     0.00  1 2026          
 248 POTEF    15.95 11 2024 12 2025  PAULINIA VER
 248 TEIFT     0.00 11 2024 11 2024  
 248 GTMIN    15.70 11 2024 11 2024  
 248 GTMIN    15.68 12 2024 12 2024  
 248 GTMIN    15.58  1 2025 12 2025  
  50 POTEF   200.00 11 2024          PIRAT.12 G
  50 FCMAX     0.00 11 2024          
 249 POTEF   115.92 11 2024  5 2026  PORSUD I
 249 TEIFT     0.00 11 2024 11 2024  
 249 IPTER     0.00  1 2025  9 2025  
 249 IPTER     2.15 10 2025 10 2025  
 249 IPTER     1.11 11 2025 11 2025  
 249 IPTER     0.00 12 2025 12 2025  
 250 POTEF    78.32 11 2024  5 2026  PORSUD II
 250 FCMAX    99.59 11 2024 11 2024  
 250 TEIFT     0.00 11 2024 11 2024  
 250 FCMAX    99.14 12 2024  5 2026  
 250 IPTER     0.00  1 2025  9 2025  
 250 IPTER     3.23 10 2025 10 2025  
 250 IPTER     0.00 11 2025 12 2025  
 251 POTEF    74.96 11 2024  1 2026  POVOACAO 1
 251 TEIFT     0.00 11 2024 11 2024  
 251 FCMAX    31.88  1 2026  1 2026  
  62 POTEF   360.00 11 2024          SEROPEDICA
  62 TEIFT     0.00 11 2024 11 2024  
  62 IPTER     0.00  1 2025  3 2025  
  62 IPTER    11.67  4 2025  4 2025  
  62 IPTER    12.50  5 2025  5 2025  
  62 IPTER     0.00  6 2025  7 2025  
  62 IPTER    11.69  8 2025  8 2025  
  62 FCMAX    43.33  9 2025  9 2025  
  62 IPTER     0.00  9 2025  9 2025  
  62 FCMAX     0.00 10 2025          
   4 POTEF   436.00 11 2024          ST.CRUZ 34
   4 FCMAX     0.00 11 2024          
  86 POTEF   500.00 11 2024          ST.CRUZ NOVA
  86 TEIFT     0.00 11 2024  1 2025  
  86 IPTER     0.00  1 2025  2 2025  
  86 FCMAX     0.00  1 2027          
 146 POTEF    41.40 11 2024          STA VITORIA
 146 FCMAX    99.03 11 2024 11 2024  
 146 TEIFT     0.00 11 2024 11 2024  
 146 GTMIN    18.00 11 2024 11 2024  
 146 FCMAX    93.00 12 2024          
 146 GTMIN    16.00 12 2024 12 2024  
 146 IPTER   100.00  1 2025  2 2025  
 146 IPTER     0.00  3 2025 12 2025  
 146 GTMIN    16.00  3 2025          
 194 POTEF   349.00 11 2024          T. NORTE 2
 194 FCMAX     0.00 11 2024          
  90 POTEF   922.62 11 2024          TERMOMACAE
  90 FCMAX    96.41 11 2024 11 2024  
  90 TEIFT     0.00 11 2024 11 2024  
  90 FCMAX   100.00 12 2024 12 2025  
  90 IPTER     4.19  1 2025  1 2025  
  90 IPTER     4.74  2 2025  2 2025  
  90 IPTER     4.77  3 2025  3 2025  
  90 IPTER     4.74  4 2025  4 2025  
  90 IPTER     5.24  5 2025  5 2025  
  90 IPTER     0.35  6 2025  6 2025  
  90 IPTER     4.80  7 2025  7 2025  
  90 IPTER     4.90  8 2025  8 2025  
  90 IPTER     4.87  9 2025  9 2025  
  90 IPTER     4.67 10 2025 10 2025  
  90 IPTER     4.95 11 2025 11 2025  
  90 IPTER     4.75 12 2025 12 2025  
  90 FCMAX     0.00  1 2026          
  47 POTEF   989.20 11 2024  6 2026  TERMORIO
  47 TEIFT     0.00 11 2024 11 2024  
  47 GTMIN   270.00 11 2024 11 2024  
  47 GTMIN   100.50 12 2024 12 2024  
  47 FCMAX     0.00  1 2025  6 2026  
  47 POTEF  1058.30  7 2026          TERMORIO
  47 FCMAX    93.47  7 2026          
  47 IPTER     5.20  7 2026          
  47 TEIFT     6.00  7 2026          
  68 POTEF   350.00 11 2024          TRES LAGOAS
  68 TEIFT     0.00 11 2024 11 2024  
  68 IPTER     0.00  1 2025  8 2025  
  68 FCMAX    80.00  9 2025  9 2025  
  68 IPTER     7.72  9 2025  9 2025  
  68 FCMAX     0.00 10 2025          
  49 POTEF   174.60 11 2024          VIANA
  49 FCMAX    99.85 11 2024 11 2024  
  49 TEIFT     0.00 11 2024 11 2024  
  49 FCMAX   100.00 12 2024 12 2024  
  49 FCMAX     0.00  1 2025          
 253 POTEF    37.48 11 2024 12 2025  VIANA 1
 253 TEIFT     0.00 11 2024 11 2024  
 334 POTEF   177.12 11 2024          W. ARJONA
 334 FCMAX     0.00 11 2024  6 2026  
 334 FCMAX    84.69  7 2026          
 334 IPTER     3.49  7 2026          
 334 TEIFT     2.50  7 2026          
 334 GTMIN   138.00  7 2026          
 108 POTEF    53.58 11 2024          XAVANTES
 108 FCMAX     0.00 11 2024          
  48 POTEF   484.15 11 2024          ARAUCARIA
  48 FCMAX     0.00 11 2024          
 254 POTEF    10.32 11 2024 12 2025  B. BONITA I
 254 FCMAX    91.01 11 2024 12 2025  
 254 TEIFT     0.00 11 2024 11 2024  
 254 GTMIN     3.70 11 2024 12 2025  
 254 IPTER     0.00  1 2025  9 2025  
 254 IPTER    22.58 10 2025 10 2025  
 254 IPTER    30.00 11 2025 11 2025  
 254 IPTER     0.00 12 2025 12 2025  
 156 POTEF   350.00 11 2024          CANDIOTA 3
 156 FCMAX    93.14 11 2024 11 2024  
 156 TEIFT     0.00 11 2024 11 2024  
 156 GTMIN   270.00 11 2024 11 2024  
 156 FCMAX   100.00 12 2024 12 2024  
 156 GTMIN   210.00 12 2024 12 2024  
 156 FCMAX     0.00  1 2025          
  64 POTEF   248.57 11 2024          CANOAS
  64 FCMAX    10.38 11 2024 11 2024  
  64 TEIFT     0.00 11 2024 11 2024  
  64 FCMAX   100.00 12 2024  8 2025  
  64 FCMAX    43.33  9 2025  9 2025  
  64 FCMAX     0.00 10 2025          
  28 POTEF    20.00 11 2024          FIGUEIRA
  28 FCMAX     0.00 11 2024          
  26 POTEF    80.00 11 2024          J.LACERDA A1
  26 TEIFT     0.00 11 2024 11 2024  
  26 GTMIN    71.89 12 2024 12 2024  
  26 GTMIN    56.89  6 2025 12 2025  
  26 GTMIN    56.89  6 2026 12 2026  
  26 GTMIN    56.89  6 2027 12 2027  
  26 GTMIN    56.89  6 2028          
  27 POTEF   110.00 11 2024          J.LACERDA A2
  27 TEIFT     0.00 11 2024 11 2024  
  27 GTMIN   100.42 12 2024 12 2024  
  27 GTMIN    87.36  6 2025 12 2025  
  27 GTMIN    87.36  6 2026 12 2026  
  27 GTMIN    87.36  6 2027 12 2027  
  27 GTMIN    87.36  6 2028          
  25 POTEF   220.00 11 2024          J.LACERDA B
  25 TEIFT     0.00 11 2024 11 2024  
  25 GTMIN   201.91 12 2024 12 2024  
  25 IPTER     0.00  1 2025  1 2025  
  25 IPTER    23.21  2 2025  2 2025  
  25 IPTER    50.00  3 2025  4 2025  
  25 IPTER    25.81  5 2025  5 2025  
  25 IPTER     0.00  6 2025 12 2025  
  25 GTMIN   201.91  6 2025 12 2025  
  25 GTMIN   174.41  6 2026 12 2026  
  25 GTMIN   174.41  6 2027 12 2027  
  25 GTMIN   174.41  6 2028          
  24 POTEF   330.00 11 2024          J.LACERDA C
  24 TEIFT     0.00 11 2024 11 2024  
  24 GTMIN   305.01 12 2024 12 2024  
  24 IPTER     0.00  1 2025  7 2025  
  24 GTMIN   256.00  1 2025  1 2025  
  24 GTMIN   305.01  6 2025  7 2025  
  24 IPTER    48.39  8 2025  8 2025  
  24 GTMIN   157.41  8 2025  8 2025  
  24 IPTER   100.00  9 2025  9 2025  
  24 IPTER    16.13 10 2025 10 2025  
  24 GTMIN   255.81 10 2025 10 2025  
  24 IPTER     0.00 11 2025 12 2025  
  24 GTMIN   305.01 11 2025 12 2025  
  24 GTMIN   256.00  1 2026  1 2026  
  24 GTMIN   261.39  6 2026 12 2026  
  24 GTMIN   256.00  1 2027  1 2027  
  24 GTMIN   261.39  6 2027 12 2027  
  24 GTMIN   256.00  1 2028  1 2028  
  24 GTMIN   261.39  6 2028          
 107 POTEF   345.00 11 2024          PAMPA SUL
 107 FCMAX   100.00 11 2024          
 107 TEIFT     0.00 11 2024 11 2024  
 107 GTMIN   285.00 11 2024 11 2024  
 107 GTMIN   211.00 12 2024 12 2024  
 107 GTMIN   139.00  1 2025  1 2025  
 107 GTMIN   229.95  2 2025  3 2025  
 107 GTMIN   229.95  5 2025  6 2025  
 107 GTMIN   229.95 10 2025 11 2025  
 107 GTMIN   211.00 12 2025 12 2025  
 107 GTMIN   139.00  1 2026  1 2026  
 107 GTMIN   229.95  2 2026  3 2026  
 107 GTMIN   229.95  5 2026  6 2026  
 107 GTMIN   229.95 10 2026 11 2026  
 107 GTMIN   211.00 12 2026 12 2026  
 107 GTMIN   139.00  1 2027  1 2027  
 107 GTMIN   229.95  2 2027  3 2027  
 107 GTMIN   229.95  5 2027  6 2027  
 107 GTMIN   229.95 10 2027 11 2027  
 107 GTMIN   211.00 12 2027 12 2027  
 107 GTMIN   139.00  1 2028  1 2028  
 107 GTMIN   229.95  2 2028  3 2028  
 107 GTMIN   229.95  5 2028  6 2028  
 107 GTMIN   229.95 10 2028 11 2028  
 107 GTMIN   211.00 12 2028          
 149 POTEF     8.00 11 2024          SAO SEPE
 149 FCMAX    50.00 11 2024 11 2024  
 149 TEIFT     0.00 11 2024 11 2024  
 149 FCMAX    90.00 12 2024          
 258 POTEF    28.02  7 2026          TROMBUDO
  35 POTEF   639.90 11 2024          URUGUAIANA
  35 FCMAX     0.00 11 2024          
 235 POTEF   144.45 11 2024          CAMACARI MII
 235 TEIFT     0.00 11 2024 11 2024  
  52 POTEF   169.08 11 2024          CAMPINA GDE
  52 FCMAX    99.95 11 2024 11 2024  
  52 TEIFT     0.00 11 2024 11 2024  
  52 FCMAX   100.00 12 2024 12 2024  
  52 FCMAX     0.00  1 2025          
 106 POTEF    16.79 11 2024          ERB CANDEIAS
 106 FCMAX    50.63 11 2024 11 2024  
 106 TEIFT     0.00 11 2024 11 2024  
 106 GTMIN     3.50 11 2024 11 2024  
 106 FCMAX    76.83 12 2024          
 106 GTMIN     4.00 12 2024  2 2025  
 106 IPTER     0.00  1 2025  2 2025  
 106 IPTER   100.00  3 2025  3 2025  
 106 IPTER     0.00  4 2025 12 2025  
 106 GTMIN     4.00  4 2025          
  53 POTEF   148.80 11 2024          GLOBAL I
  53 FCMAX    94.09 11 2024 11 2024  
  53 TEIFT     0.00 11 2024 11 2024  
  53 FCMAX   100.00 12 2024 12 2024  
  53 FCMAX     0.00  1 2025          
  55 POTEF   148.80 11 2024          GLOBAL II
  55 FCMAX    94.09 11 2024 11 2024  
  55 TEIFT     0.00 11 2024 11 2024  
  55 FCMAX   100.00 12 2024 12 2024  
  55 FCMAX     0.00  1 2025          
  57 POTEF   168.00 11 2024          MARACANAU I
  57 FCMAX    97.00 11 2024 11 2024  
  57 TEIFT     0.00 11 2024 11 2024  
  57 FCMAX    97.62 12 2024 12 2024  
  57 FCMAX     0.00  1 2025          
 167 POTEF   720.28 11 2024          P. PECEM I
 167 FCMAX    99.96 11 2024  6 2027  
 167 TEIFT     0.00 11 2024 11 2024  
 167 IPTER     0.00  1 2025  3 2025  
 167 IPTER     1.67  4 2025  4 2025  
 167 IPTER    17.74  5 2025  5 2025  
 167 IPTER     0.00  6 2025  9 2025  
 167 IPTER    19.35 10 2025 10 2025  
 167 IPTER     0.00 11 2025 12 2025  
 167 FCMAX    74.16  7 2027  7 2027  
 167 FCMAX     0.00  8 2027          
 163 POTEF   365.00 11 2024          P. PECEM II
 163 FCMAX   100.00 11 2024  8 2028  
 163 TEIFT     0.00 11 2024 11 2024  
 163 FCMAX     6.67  9 2028  9 2028  
 163 FCMAX     0.00 10 2028          
 224 POTEF  1593.20 11 2024          P. SERGIPE I
 224 FCMAX    99.99 11 2024  1 2025  
 224 TEIFT     0.00 11 2024  1 2025  
 224 IPTER     0.00  1 2025  2 2025  
 224 FCMAX   100.00  2 2025          
 162 POTEF   144.45 11 2024          PECEM II
 162 TEIFT     0.00 11 2024 11 2024  
  98 POTEF   200.79 11 2024          PERNAMBU_III
  98 TEIFT     0.00 11 2024 11 2024  
  98 FCMAX    99.98 12 2024 11 2028  
  98 FCMAX    93.53 12 2028          
 144 POTEF   136.20 11 2024          PETROLINA
 144 FCMAX     0.00 11 2024          
 151 POTEF    53.12 11 2024          POTIGUAR
 151 FCMAX     0.00 11 2024          
 161 POTEF    66.40 11 2024          POTIGUAR III
 161 FCMAX     0.00 11 2024          
 223 POTEF    55.99 11 2024          PROSPERI III
 223 TEIFT     0.00 11 2024 11 2024  
 241 POTEF    37.44 11 2024          PROSPERID II
 241 FCMAX    96.15 11 2024 11 2024  
 241 TEIFT     0.00 11 2024 11 2024  
 241 FCMAX   100.00 12 2024          
 147 POTEF    28.02 11 2024          PROSPERIDADE
 147 FCMAX    99.92 11 2024 11 2024  
 147 TEIFT     0.00 11 2024 11 2024  
 147 FCMAX   100.00 12 2024          
 170 POTEF   381.26 11 2024          SUAPE II
 170 TEIFT     0.00 11 2024 11 2024  
 170 IPTER     0.38  1 2025  1 2025  
 170 IPTER     0.42  2 2025  2 2025  
 170 IPTER     1.90  3 2025  3 2025  
 170 IPTER     0.39  4 2025  4 2025  
 170 IPTER     0.95  5 2025  5 2025  
 170 IPTER     2.55  6 2025  6 2025  
 170 IPTER     0.00  7 2025  7 2025  
 170 IPTER     0.38  8 2025  8 2025  
 170 IPTER     1.96  9 2025  9 2025  
 170 IPTER     1.14 10 2025 10 2025  
 170 IPTER     1.18 11 2025 11 2025  
 170 IPTER     1.14 12 2025 12 2025  
 170 FCMAX     0.00  1 2027          
  43 POTEF   185.90 11 2024          TERMOBAHIA
  43 FCMAX     0.00 11 2024 11 2024  
  43 FCMAX    85.50 12 2024  8 2025  
  43 FCMAX    74.10  9 2025  9 2025  
  43 FCMAX     0.00 10 2025          
 152 POTEF    49.73 11 2024          TERMOCABO
 152 FCMAX    99.95 11 2024 11 2024  
 152 TEIFT     0.00 11 2024 11 2024  
 152 FCMAX    99.99 12 2024 12 2024  
 152 FCMAX     0.00  1 2025          
  58 POTEF   223.00 11 2024          TERMOCEARA
  58 FCMAX     0.00 11 2024          
  67 POTEF   170.85 11 2024          TERMONE
  67 FCMAX    94.82 11 2024 11 2024  
  67 TEIFT     0.00 11 2024 11 2024  
  67 FCMAX    94.99 12 2024 12 2024  
  67 FCMAX     0.00  1 2025          
  69 POTEF   170.85 11 2024          TERMOPB
  69 FCMAX    94.82 11 2024 11 2024  
  69 TEIFT     0.00 11 2024 11 2024  
  69 FCMAX    95.00 12 2024 12 2024  
  69 FCMAX     0.00  1 2025          
  96 POTEF   550.00 11 2024          TERMOPE
  96 IPTER     0.00  1 2025  3 2025  
  96 IPTER    50.00  4 2025  4 2025  
  96 IPTER     0.00  5 2025 12 2025  
  83 POTEF   110.00 11 2024          VALE DO ACU
  83 FCMAX   100.00 11 2024          
  83 TEIFT     0.00 11 2024 11 2024  
 201 POTEF   166.00 11 2024          APARECIDA
 201 FCMAX   100.00 11 2024          
 201 TEIFT     0.00 11 2024 11 2024  
 201 GTMIN    75.00 11 2024 11 2024  
 201 GTMIN   127.50 12 2024          
 260 POTEF   295.43  9 2026          AZULAO
 262 POTEF   295.43  1 2027          AZULAO II
 262 GTMIN    97.21  1 2027  2 2027  
 262 GTMIN    89.60  3 2027  3 2027  
 262 GTMIN    97.21  5 2027  5 2027  
 262 GTMIN   277.76  6 2027 12 2027  
 262 GTMIN    97.21  1 2028  2 2028  
 262 GTMIN    89.60  3 2028  3 2028  
 262 GTMIN    97.21  5 2028  5 2028  
 262 GTMIN   277.76  6 2028          
 263 POTEF   295.43  1 2027          AZULAO IV
 263 GTMIN    97.21  1 2027  2 2027  
 263 GTMIN    89.60  3 2027  3 2027  
 263 GTMIN    97.21  5 2027  5 2027  
 263 GTMIN   277.76  6 2027 12 2027  
 263 GTMIN    97.21  1 2028  2 2028  
 263 GTMIN    89.60  3 2028  3 2028  
 263 GTMIN    97.21  5 2028  5 2028  
 263 GTMIN   277.76  6 2028          
 322 POTEF    17.94  2 2026          BBF BALIZA
 322 FCMAX    95.12  2 2026          
 322 GTMIN    15.90  2 2026          
 323 POTEF    11.50  2 2026          BONFIM
 323 GTMIN    11.03  2 2026          
 203 POTEF    85.38 11 2024          C. ROCHA
 203 FCMAX    76.13 11 2024 11 2024  
 203 TEIFT     0.00 11 2024 11 2024  
 203 GTMIN    64.99 11 2024 11 2024  
 203 FCMAX   100.00 12 2024  5 2025  
 203 IPTER    20.72 12 2024  5 2025  
 203 GTMIN    67.00 12 2024  5 2025  
 203 FCMAX     0.00  6 2025          
 324 POTEF    11.50  2 2026          CANTA
 324 GTMIN    11.03  2 2026          
  73 POTEF   165.87 11 2024          GERAMAR I
  73 FCMAX    95.98 11 2024 11 2024  
  73 TEIFT     0.00 11 2024 11 2024  
  73 FCMAX    96.00 12 2024 12 2024  
  73 FCMAX     0.00  1 2025          
  70 POTEF   165.87 11 2024          GERAMAR II
  70 FCMAX    95.98 11 2024 11 2024  
  70 TEIFT     0.00 11 2024 11 2024  
  70 FCMAX    96.00 12 2024 12 2024  
  70 FCMAX     0.00  1 2025          
 325 POTEF    56.95  2 2026          HF S JOAQUIM
 325 GTMIN    53.06  2 2026  4 2026  
 325 GTMIN    40.92  5 2026  5 2026  
 325 GTMIN    25.71  6 2026  6 2026  
 325 GTMIN    53.06  7 2026  5 2027  
 325 GTMIN    49.32  6 2027  6 2027  
 325 GTMIN    53.06  7 2027  5 2028  
 325 GTMIN    42.97  6 2028  6 2028  
 325 GTMIN    53.06  7 2028          
 326 POTEF   140.83  2 2026          JAGUATIRI II
 326 FCMAX    89.67  2 2026          
 326 GTMIN   121.27  2 2026          
 204 POTEF    75.48 11 2024          JARAQUI
 204 FCMAX    83.47 11 2024 11 2024  
 204 TEIFT     0.00 11 2024 11 2024  
 204 GTMIN    62.99 11 2024  4 2025  
 204 FCMAX    86.95 12 2024  4 2025  
 204 FCMAX     0.00  5 2025          
 327 POTEF    42.25  2 2026          M.CRISTO SUC
 327 FCMAX    96.49  2 2026  5 2028  
 327 GTMIN    39.54  2 2026  4 2026  
 327 GTMIN    37.20  7 2026  7 2026  
 327 GTMIN    39.54  8 2026 11 2026  
 327 GTMIN    37.96 12 2026 12 2026  
 327 GTMIN    33.20  1 2027  1 2027  
 327 GTMIN    39.54  2 2027  4 2027  
 327 GTMIN     3.10  5 2027  5 2027  
 327 GTMIN    39.54  7 2027 12 2027  
 327 GTMIN    33.34  1 2028  1 2028  
 327 GTMIN    39.54  2 2028  4 2028  
 327 GTMIN     4.48  5 2028  5 2028  
 327 FCMAX    86.84  6 2028  6 2028  
 327 FCMAX     0.00  7 2028          
 205 POTEF    73.40 11 2024          MANAUARA
 205 FCMAX    98.09 11 2024 11 2024  
 205 TEIFT     0.00 11 2024 11 2024  
 205 GTMIN    71.99 11 2024 11 2024  
 205 FCMAX    91.01 12 2024  4 2025  
 205 IPTER     0.39 12 2024  5 2025  
 205 GTMIN    64.87 12 2024  4 2025  
 205 FCMAX    58.72  5 2025  5 2025  
 205 GTMIN    41.85  5 2025  5 2025  
 205 FCMAX     0.00  6 2025          
 264 POTEF   162.91  1 2027          MANAUS I
 264 GTMIN    54.48  1 2027  3 2027  
 264 GTMIN    50.28  5 2027  5 2027  
 264 GTMIN   155.65  6 2027 12 2027  
 264 GTMIN    54.48  1 2028  3 2028  
 264 GTMIN    50.28  5 2028  5 2028  
 264 GTMIN   155.65  6 2028          
 212 POTEF   518.80 11 2024          MARANHAO III
 212 FCMAX    97.67 11 2024 11 2024  
 212 TEIFT     0.00 11 2024 11 2024  
 212 GTMIN   490.00 11 2024 11 2024  
 212 FCMAX   100.00 12 2024          
 212 GTMIN   480.63 12 2024 12 2024  
 212 GTMIN   479.32  1 2025  1 2025  
 212 GTMIN   479.32  8 2025  1 2026  
 212 GTMIN   479.32  8 2026  1 2027  
 212 GTMIN   479.32  8 2027 12 2027  
 212 GTMIN   480.63  1 2028  1 2028  
 212 GTMIN   480.63  8 2028          
  36 POTEF   337.60 11 2024          MARANHAO IV
  36 FCMAX    98.46 11 2024 11 2024  
  36 TEIFT     0.00 11 2024 11 2024  
  36 FCMAX   100.00 12 2024 12 2027  
  36 FCMAX     0.00  1 2028          
  21 POTEF   337.60 11 2024          MARANHAO V
  21 FCMAX    98.46 11 2024 11 2024  
  21 TEIFT     0.00 11 2024 11 2024  
  21 FCMAX   100.00 12 2024 12 2027  
  21 FCMAX     0.00  1 2028          
 140 POTEF   590.75 11 2024          MAUA 3
 140 FCMAX   100.00 11 2024 11 2024  
 140 TEIFT     0.00 11 2024 11 2024  
 140 GTMIN   264.00 11 2024 11 2024  
 140 FCMAX    98.69 12 2024          
 140 GTMIN   284.23 12 2024 12 2024  
 140 GTMIN   277.13  1 2025  1 2025  
 140 GTMIN   315.70  2 2025  2 2025  
 140 GTMIN   305.12  3 2025  3 2025  
 140 GTMIN   307.02  4 2025  4 2025  
 140 GTMIN   434.89  5 2025  5 2025  
 140 GTMIN   482.00  6 2025          
  46 POTEF   178.21 11 2024 12 2024  N.VENECIA 2
  46 FCMAX    98.09 11 2024 11 2024  
  46 TEIFT     0.00 11 2024 11 2024  
  46 FCMAX    99.99 12 2024 12 2024  
  46 POTEF   270.47  1 2025          N.VENECIA 2
  46 FCMAX   100.00  1 2025          
  46 IPTER     6.44  1 2025          
  46 TEIFT     6.05  1 2025          
  46 GTMIN    79.85  6 2025  6 2025  
  46 GTMIN    81.09  7 2025 11 2025  
  46 GTMIN    79.85  6 2026  6 2026  
  46 GTMIN    81.09  7 2026 11 2026  
  46 GTMIN    79.85  6 2027  6 2027  
  46 GTMIN    81.09  7 2027 11 2027  
  46 GTMIN    79.85  6 2028  6 2028  
  46 GTMIN    81.09  7 2028 11 2028  
 240 POTEF   604.52  8 2025          NT BARCARENA
 240 GTMIN   580.83  8 2025 12 2025  
 240 GTMIN   580.83  7 2026 12 2026  
 240 GTMIN   580.83  7 2027 12 2027  
 240 GTMIN   580.83  7 2028          
 328 POTEF    11.55  2 2026          PALMAPLAN 2
 328 GTMIN    11.28  2 2026  5 2026  
 328 GTMIN     8.31  6 2026  6 2026  
 328 GTMIN    11.28  7 2026          
 116 POTEF    56.28 11 2024          PARNAIBA IV
 116 TEIFT     0.00 11 2024 11 2024  
 116 FCMAX    99.99 12 2024  8 2025  
 116 FCMAX    86.66  9 2025  9 2025  
 116 FCMAX     0.00 10 2025  6 2026  
 116 FCMAX    99.99  7 2026          
 116 IPTER     4.30  7 2026          
 116 TEIFT     5.50  7 2026          
 239 POTEF   365.32 11 2024          PARNAIBA V
 239 FCMAX    98.25 11 2024 11 2024  
 239 TEIFT     0.00 11 2024 11 2024  
 239 FCMAX   100.00 12 2024          
 329 POTEF    11.50  2 2026          PAU RAINHA
 329 GTMIN    11.03  2 2026          
 207 POTEF    73.40 11 2024          PONTA NEGRA
 207 FCMAX    87.19 11 2024 11 2024  
 207 TEIFT     0.00 11 2024 11 2024  
 207 GTMIN    63.99 11 2024 11 2024  
 207 FCMAX    89.92 12 2024  4 2025  
 207 IPTER     0.53 12 2024  5 2025  
 207 GTMIN    64.00 12 2024  4 2025  
 207 FCMAX    58.01  5 2025  5 2025  
 207 GTMIN    41.28  5 2025  5 2025  
 207 FCMAX     0.00  6 2025          
 176 POTEF   360.14 11 2024          PORTO ITAQUI
 176 FCMAX   100.00 11 2024 11 2027  
 176 TEIFT     0.00 11 2024 11 2024  
 176 FCMAX    67.72 12 2027 12 2027  
 176 FCMAX     0.00  1 2028          
 259 POTEF  1571.89  9 2026          PORTOCEM I
 330 POTEF    11.50  2 2026          SANTA LUZ
 330 GTMIN    11.03  2 2026          
 209 POTEF    93.04 11 2024          TAMBAQUI
 209 FCMAX    67.71 11 2024 11 2024  
 209 TEIFT     0.00 11 2024 11 2024  
 209 GTMIN    62.99 11 2024  4 2025  
 209 FCMAX    70.54 12 2024  4 2025  
 209 FCMAX     0.00  5 2025          
