 NUMERO DE PATAMARES
 XX
  3
ANO   DURACAO MENSAL DOS PATAMARES DE CARGA
      JAN     FEV     MAR     ABR     MAI     JUN     JUL     AGO     SET     OUT     NOV     DEZ   
      X.XXXX  X.XXXX  X.XXXX  X.XXXX  X.XXXX  X.XXXX  X.XXXX  X.XXXX  X.XXXX  X.XXXX  X.XXXX  X.XXXX
2024  0.2366  0.2299  0.2151  0.2444  0.1694  0.1667  0.1855  0.1774  0.2333  0.2473  0.2111  0.2258
      0.2970  0.2945  0.2890  0.2889  0.3360  0.3333  0.3522  0.3441  0.2833  0.2903  0.2875  0.2930
      0.4664  0.4756  0.4959  0.4667  0.4946  0.5000  0.4623  0.4785  0.4834  0.4624  0.5014  0.4812
2025  0.2366  0.2381  0.2151  0.2222  0.1694  0.1667  0.1855  0.1694  0.2444  0.2473  0.2111  0.2366
      0.2970  0.2976  0.2890  0.2778  0.3360  0.3333  0.3522  0.3360  0.2889  0.2903  0.2875  0.2970
      0.4664  0.4643  0.4959  0.5000  0.4946  0.5000  0.4623  0.4946  0.4667  0.4624  0.5014  0.4664
2026  0.2258  0.2262  0.2366  0.2222  0.1613  0.1750  0.1855  0.1694  0.2333  0.2258  0.2111  0.2366
      0.2930  0.2932  0.2970  0.2778  0.3280  0.3417  0.3522  0.3360  0.2833  0.2796  0.2875  0.2970
      0.4812  0.4806  0.4664  0.5000  0.5107  0.4833  0.4623  0.4946  0.4834  0.4946  0.5014  0.4664
2027  0.2151  0.2262  0.2366  0.2333  0.1613  0.1833  0.1774  0.1774  0.2333  0.2151  0.2222  0.2473
      0.2890  0.2932  0.2970  0.2833  0.3280  0.3500  0.3441  0.3441  0.2833  0.2742  0.2917  0.3011
      0.4959  0.4806  0.4664  0.4834  0.5107  0.4667  0.4785  0.4785  0.4834  0.5107  0.4861  0.4516
2028  0.2258  0.2299  0.2473  0.2000  0.1774  0.1750  0.1694  0.1855  0.2222  0.2258  0.2111  0.2151
      0.2930  0.2945  0.3011  0.2667  0.3441  0.3417  0.3360  0.3522  0.2778  0.2796  0.2875  0.2890
      0.4812  0.4756  0.4516  0.5333  0.4785  0.4833  0.4946  0.4623  0.5000  0.4946  0.5014  0.4959
 SUBSISTEMA
 XXX
    ANO                       CARGA(P.U.DEMANDA MED.)
   XXXX X.XXXX X.XXXX X.XXXX X.XXXX X.XXXX X.XXXX X.XXXX X.XXXX X.XXXX X.XXXX X.XXXX X.XXXX
   1
   2024 1.1218 1.1135 1.1152 1.1209 1.1327 1.1423 1.1334 1.1125 1.1313 1.1215 1.1361 1.1187
        1.0891 1.0895 1.0852 1.0906 1.1056 1.1046 1.1035 1.1177 1.1048 1.1013 1.1012 1.0958
        0.8815 0.8897 0.9004 0.8806 0.8829 0.8828 0.8676 0.8736 0.8752 0.8714 0.8846 0.8860
   2025 1.1200 1.1109 1.1141 1.1296 1.1293 1.1441 1.1367 1.1248 1.1240 1.1185 1.1376 1.1142
        1.0908 1.0910 1.0873 1.0964 1.1055 1.1034 1.0998 1.1149 1.0985 1.0987 1.1003 1.0937
        0.8814 0.8848 0.8997 0.8888 0.8841 0.8830 0.8692 0.8792 0.8741 0.8747 0.8845 0.8824
   2026 1.1239 1.1139 1.1107 1.1305 1.1368 1.1398 1.1375 1.1277 1.1293 1.1271 1.1385 1.1152
        1.0901 1.0911 1.0864 1.0957 1.1077 1.0987 1.0986 1.1138 1.0995 1.1002 1.0998 1.0921
        0.8870 0.8909 0.8888 0.8889 0.8876 0.8796 0.8698 0.8789 0.8793 0.8853 0.8844 0.8829
   2027 1.1308 1.1145 1.1083 1.1256 1.1404 1.1385 1.1419 1.1271 1.1303 1.1334 1.1356 1.1121
        1.0910 1.0902 1.0835 1.0928 1.1081 1.0958 1.0990 1.1115 1.0983 1.1014 1.0988 1.0909
        0.8903 0.8911 0.8919 0.8849 0.8862 0.8738 0.8762 0.8727 0.8795 0.8894 0.8787 0.8780
   2028 1.1283 1.1137 1.1065 1.1421 1.1314 1.1415 1.1503 1.1226 1.1335 1.1323 1.1387 1.1234
        1.0904 1.0892 1.0825 1.0978 1.1007 1.0963 1.1016 1.1068 1.0986 1.0999 1.0981 1.0919
        0.8848 0.8898 0.8867 0.8978 0.8788 0.8807 0.8795 0.8695 0.8859 0.8831 0.8853 0.8929
   2
   2024 1.1426 1.1437 1.1578 1.1637 1.1761 1.1928 1.1757 1.1533 1.1865 1.1684 1.1727 1.1437
        1.1191 1.1155 1.1135 1.1239 1.1556 1.1555 1.1444 1.1668 1.1467 1.1369 1.1272 1.1138
        0.8518 0.8590 0.8654 0.8376 0.8340 0.8321 0.8196 0.8232 0.8240 0.8239 0.8543 0.8633
   2025 1.1423 1.1410 1.1565 1.1804 1.1753 1.1966 1.1774 1.1701 1.1728 1.1649 1.1752 1.1369
        1.1180 1.1190 1.1157 1.1304 1.1526 1.1537 1.1418 1.1656 1.1378 1.1305 1.1254 1.1118
        0.8527 0.8514 0.8647 0.8473 0.8363 0.8320 0.8209 0.8292 0.8242 0.8299 0.8543 0.8594
   2026 1.1490 1.1455 1.1533 1.1815 1.1887 1.1883 1.1785 1.1743 1.1823 1.1796 1.1766 1.1379
        1.1162 1.1172 1.1175 1.1295 1.1561 1.1464 1.1402 1.1641 1.1402 1.1337 1.1243 1.1094
        0.8593 0.8601 0.8474 0.8474 0.8402 0.8283 0.8216 0.8288 0.8298 0.8424 0.8544 0.8604
   2027 1.1590 1.1462 1.1456 1.1725 1.1938 1.1835 1.1864 1.1711 1.1840 1.1906 1.1721 1.1338
        1.1167 1.1160 1.1111 1.1261 1.1569 1.1422 1.1411 1.1600 1.1386 1.1365 1.1241 1.1085
        0.8631 0.8604 0.8554 0.8428 0.8380 0.8212 0.8294 0.8215 0.8299 0.8465 0.8468 0.8544
   2028 1.1545 1.1449 1.1446 1.2017 1.1770 1.1899 1.2012 1.1624 1.1898 1.1882 1.1774 1.1510
        1.1166 1.1144 1.1119 1.1326 1.1450 1.1434 1.1456 1.1525 1.1396 1.1340 1.1221 1.1072
        0.8565 0.8591 0.8462 0.8581 0.8301 0.8299 0.8322 0.8187 0.8381 0.8383 0.8553 0.8721
   3
   2024 1.0400 1.0376 1.0460 1.0501 1.0361 1.0372 1.0298 1.0164 1.0488 1.0376 1.0477 1.0419
        1.0810 1.0820 1.0769 1.0810 1.0927 1.0862 1.0833 1.0952 1.0960 1.0945 1.0878 1.0858
        0.9281 0.9310 0.9353 0.9236 0.9247 0.9302 0.9246 0.9254 0.9202 0.9205 0.9296 0.9281
   2025 1.0375 1.0350 1.0447 1.0567 1.0340 1.0397 1.0342 1.0258 1.0459 1.0378 1.0507 1.0402
        1.0842 1.0848 1.0790 1.0833 1.0911 1.0844 1.0789 1.0916 1.0897 1.0887 1.0849 1.0836
        0.9274 0.9277 0.9346 0.9285 0.9264 0.9305 0.9262 0.9289 0.9204 0.9241 0.9300 0.9264
   2026 1.0409 1.0389 1.0442 1.0579 1.0412 1.0389 1.0368 1.0296 1.0510 1.0439 1.0530 1.0423
        1.0811 1.0812 1.0793 1.0810 1.0907 1.0806 1.0765 1.0895 1.0876 1.0858 1.0830 1.0810
        0.9314 0.9322 0.9271 0.9292 0.9288 0.9289 0.9270 0.9291 0.9240 0.9315 0.9301 0.9270
   2027 1.0459 1.0400 1.0423 1.0549 1.0460 1.0394 1.0403 1.0304 1.0523 1.0488 1.0526 1.0409
        1.0805 1.0798 1.0759 1.0789 1.0905 1.0784 1.0753 1.0879 1.0855 1.0847 1.0833 1.0800
        0.9332 0.9325 0.9302 0.9273 0.9274 0.9257 0.9309 0.9255 0.9246 0.9340 0.9260 0.9243
   2028 1.0452 1.0403 1.0428 1.0667 1.0394 1.0425 1.0470 1.0283 1.0548 1.0494 1.0552 1.0490
        1.0799 1.0784 1.0750 1.0799 1.0857 1.0769 1.0758 1.0846 1.0837 1.0840 1.0807 1.0773
        0.9301 0.9319 0.9266 0.9351 0.9237 0.9303 0.9324 0.9242 0.9292 0.9300 0.9305 0.9337
   4
   2024 1.0344 1.0427 1.0436 1.0469 1.0332 1.0274 1.0183 1.0114 1.0475 1.0414 1.0411 1.0365
        1.0368 1.0379 1.0389 1.0390 1.0563 1.0540 1.0513 1.0604 1.0455 1.0447 1.0439 1.0393
        0.9591 0.9559 0.9584 0.9513 0.9504 0.9549 0.9536 0.9524 0.9504 0.9498 0.9575 0.9590
   2025 1.0335 1.0402 1.0436 1.0520 1.0320 1.0289 1.0212 1.0182 1.0438 1.0404 1.0420 1.0351
        1.0393 1.0397 1.0395 1.0398 1.0539 1.0525 1.0475 1.0566 1.0421 1.0422 1.0432 1.0378
        0.9580 0.9539 0.9581 0.9548 0.9524 0.9553 0.9553 0.9553 0.9509 0.9519 0.9576 0.9581
   2026 1.0349 1.0433 1.0397 1.0526 1.0358 1.0271 1.0216 1.0192 1.0464 1.0444 1.0420 1.0354
        1.0381 1.0384 1.0389 1.0392 1.0544 1.0506 1.0465 1.0559 1.0415 1.0415 1.0428 1.0370
        0.9604 0.9562 0.9551 0.9548 0.9538 0.9544 0.9559 0.9554 0.9533 0.9563 0.9578 0.9585
   2027 1.0377 1.0435 1.0404 1.0498 1.0392 1.0270 1.0239 1.0194 1.0475 1.0471 1.0414 1.0337
        1.0384 1.0377 1.0373 1.0376 1.0549 1.0492 1.0456 1.0555 1.0408 1.0413 1.0428 1.0364
        0.9613 0.9565 0.9558 0.9539 0.9524 0.9525 0.9583 0.9529 0.9531 0.9580 0.9554 0.9573
   2028 1.0368 1.0430 1.0383 1.0583 1.0335 1.0291 1.0282 1.0177 1.0485 1.0459 1.0431 1.0390
        1.0378 1.0370 1.0358 1.0395 1.0513 1.0481 1.0461 1.0535 1.0393 1.0407 1.0412 1.0356
        0.9597 0.9563 0.9552 0.9584 0.9507 0.9554 0.9590 0.9521 0.9566 0.9560 0.9582 0.9624
9999
 SUBSISTEMA
   A ->B
 XXX XXX
                             INTERCAMBIO(P.U.INTERC.MEDIO)
 X.XXXX X.XXXX X.XXXX X.XXXX X.XXXX X.XXXX X.XXXX X.XXXX X.XXXX X.XXXX X.XXXX X.XXXX
   1   2
   2024 1.0000 1.0000 1.0000 1.0000 1.0000 1.0000 1.0000 1.0000 1.0000 1.0000 1.0653 1.0178
        1.0000 1.0000 1.0000 1.0000 1.0000 1.0000 1.0000 1.0000 1.0000 1.0000 0.8383 0.8493
        1.0000 1.0000 1.0000 1.0000 1.0000 1.0000 1.0000 1.0000 1.0000 1.0000 1.0653 1.0834
   2025 0.9893 0.9896 0.9864 0.9851 0.9905 0.9899 0.9944 0.9905 0.9886 0.9891 0.9858 0.9893
        0.9026 0.9028 0.8999 0.8987 0.9036 0.9030 0.9072 0.9036 0.9019 0.9023 0.8994 0.9026
        1.0675 1.0677 1.0643 1.0629 1.0687 1.0680 1.0729 1.0687 1.0667 1.0672 1.0637 1.0675
   2026 1.0045 1.0045 1.0054 1.0340 1.0384 1.0389 1.0392 1.0387 1.0341 1.0340 1.0349 1.0348
        0.9193 0.9194 0.9202 0.9545 0.9586 0.9590 0.9593 0.9588 0.9545 0.9545 0.9553 0.9552
        1.0470 1.0471 1.0480 1.0102 1.0145 1.0149 1.0153 1.0147 1.0102 1.0102 1.0110 1.0109
   2027 1.0348 1.0348 1.0348 1.0341 1.0384 1.0392 1.0390 1.0390 1.0341 1.0718 1.0706 1.0677
        0.9552 0.9552 0.9552 0.9545 0.9586 0.9592 0.9591 0.9591 0.9545 0.9953 0.9942 0.9915
        1.0110 1.0109 1.0109 1.0102 1.0145 1.0152 1.0150 1.0150 1.0102 0.9723 0.9712 0.9686
   2028 1.0702 1.0697 1.0677 1.0736 1.0741 1.0744 1.0752 1.0731 1.0710 1.0705 1.0719 1.0715
        0.9938 0.9933 0.9915 0.9969 0.9974 0.9977 0.9984 0.9964 0.9945 0.9941 0.9954 0.9949
        0.9708 0.9704 0.9686 0.9739 0.9744 0.9747 0.9753 0.9734 0.9715 0.9711 0.9724 0.9720
   2   1
   2024 1.0000 1.0000 1.0000 1.0000 1.0000 1.0000 1.0000 1.0000 1.0000 1.0000 0.8859 0.8570
        1.0000 1.0000 1.0000 1.0000 1.0000 1.0000 1.0000 1.0000 1.0000 1.0000 0.8986 0.8692
        1.0000 1.0000 1.0000 1.0000 1.0000 1.0000 1.0000 1.0000 1.0000 1.0000 1.1062 1.1467
   2025 0.8606 0.8611 0.8534 0.8525 0.8532 0.8519 0.8611 0.8532 0.8606 0.8617 0.8521 0.8606
        0.8729 0.8735 0.8656 0.8647 0.8654 0.8641 0.8734 0.8654 0.8730 0.8740 0.8642 0.8729
        1.1516 1.1523 1.1419 1.1407 1.1417 1.1400 1.1522 1.1417 1.1516 1.1530 1.1401 1.1516
   2026 0.8207 0.8208 0.8251 0.8204 0.8169 0.8247 0.8308 0.8215 0.8252 0.8220 0.8199 0.8301
        0.8324 0.8326 0.8369 0.8318 0.8282 0.8361 0.8423 0.8328 0.8366 0.8333 0.8313 0.8416
        1.1862 1.1865 1.1926 1.1733 1.1682 1.1794 1.1881 1.1747 1.1801 1.1755 1.1726 1.1871
   2027 0.8215 0.8259 0.8301 0.8252 0.8169 0.8295 0.8261 0.8261 0.8252 0.8174 0.8243 0.8345
        0.8329 0.8374 0.8416 0.8366 0.8282 0.8410 0.8375 0.8375 0.8366 0.8287 0.8357 0.8460
        1.1748 1.1811 1.1871 1.1801 1.1682 1.1862 1.1813 1.1813 1.1801 1.1689 1.1789 1.1933
   2028 0.8258 0.8274 0.8345 0.8110 0.8261 0.8247 0.8215 0.8308 0.8204 0.8220 0.8199 0.8215
        0.8372 0.8388 0.8460 0.8222 0.8375 0.8361 0.8328 0.8423 0.8318 0.8333 0.8313 0.8329
        1.1809 1.1832 1.1933 1.1598 1.1813 1.1794 1.1747 1.1881 1.1733 1.1755 1.1726 1.1748
   1  11
   2024 1.0000 1.0000 1.0000 1.0000 1.0000 1.0000 1.0000 1.0000 1.0000 1.0000 1.0000 1.0000
        1.0000 1.0000 1.0000 1.0000 1.0000 1.0000 1.0000 1.0000 1.0000 1.0000 1.0000 1.0000
        1.0000 1.0000 1.0000 1.0000 1.0000 1.0000 1.0000 1.0000 1.0000 1.0000 1.0000 1.0000
   2025 1.0000 1.0000 1.0000 1.0000 1.0000 1.0000 1.0000 1.0000 1.0000 1.0000 1.0000 1.0000
        1.0000 1.0000 1.0000 1.0000 1.0000 1.0000 1.0000 1.0000 1.0000 1.0000 1.0000 1.0000
        1.0000 1.0000 1.0000 1.0000 1.0000 1.0000 1.0000 1.0000 1.0000 1.0000 1.0000 1.0000
   2026 1.0000 1.0000 1.0000 1.0000 1.0000 1.0000 1.0000 1.0000 1.0000 1.0000 1.0000 1.0000
        1.0000 1.0000 1.0000 1.0000 1.0000 1.0000 1.0000 1.0000 1.0000 1.0000 1.0000 1.0000
        1.0000 1.0000 1.0000 1.0000 1.0000 1.0000 1.0000 1.0000 1.0000 1.0000 1.0000 1.0000
   2027 1.0000 1.0000 1.0000 1.0000 1.0000 1.0000 1.0000 1.0000 1.0000 1.0000 1.0000 1.0000
        1.0000 1.0000 1.0000 1.0000 1.0000 1.0000 1.0000 1.0000 1.0000 1.0000 1.0000 1.0000
        1.0000 1.0000 1.0000 1.0000 1.0000 1.0000 1.0000 1.0000 1.0000 1.0000 1.0000 1.0000
   2028 1.0000 1.0000 1.0000 1.0000 1.0000 1.0000 1.0000 1.0000 1.0000 1.0000 1.0000 1.0000
        1.0000 1.0000 1.0000 1.0000 1.0000 1.0000 1.0000 1.0000 1.0000 1.0000 1.0000 1.0000
        1.0000 1.0000 1.0000 1.0000 1.0000 1.0000 1.0000 1.0000 1.0000 1.0000 1.0000 1.0000
  11   1
   2024 1.0000 1.0000 1.0000 1.0000 1.0000 1.0000 1.0000 1.0000 1.0000 1.0000 1.0240 1.0228
        1.0000 1.0000 1.0000 1.0000 1.0000 1.0000 1.0000 1.0000 1.0000 1.0000 1.0240 1.0228
        1.0000 1.0000 1.0000 1.0000 1.0000 1.0000 1.0000 1.0000 1.0000 1.0000 0.9761 0.9755
   2025 1.0208 1.0207 1.0222 1.0224 1.0204 1.0206 1.0190 1.0204 1.0192 1.0190 1.0224 1.0208
        1.0208 1.0207 1.0222 1.0224 1.0204 1.0206 1.0190 1.0204 1.0192 1.0190 1.0224 1.0208
        0.9762 0.9761 0.9775 0.9776 0.9792 0.9794 0.9779 0.9792 0.9780 0.9779 0.9777 0.9762
   2026 1.0215 1.0215 1.0208 1.0224 1.0211 1.0199 1.0190 1.0204 1.0199 1.0204 1.0224 1.0208
        1.0215 1.0215 1.0208 1.0224 1.0211 1.0199 1.0190 1.0204 1.0199 1.0204 1.0224 1.0208
        0.9768 0.9768 0.9762 0.9776 0.9798 0.9787 0.9779 0.9792 0.9787 0.9792 0.9777 0.9762
   2027 1.0222 1.0215 1.0208 1.0216 1.0211 1.0192 1.0197 1.0197 1.0199 1.0211 1.0217 1.0201
        1.0222 1.0215 1.0208 1.0216 1.0211 1.0192 1.0197 1.0197 1.0199 1.0211 1.0217 1.0201
        0.9775 0.9768 0.9762 0.9769 0.9798 0.9780 0.9785 0.9785 0.9787 0.9798 0.9770 0.9755
   2028 1.0215 1.0212 1.0201 1.0239 1.0197 1.0199 1.0204 1.0190 1.0206 1.0204 1.0224 1.0222
        1.0215 1.0212 1.0201 1.0239 1.0197 1.0199 1.0204 1.0190 1.0206 1.0204 1.0224 1.0222
        0.9768 0.9766 0.9755 0.9791 0.9785 0.9787 0.9792 0.9779 0.9794 0.9792 0.9777 0.9775
   3  11
   2024 1.0000 1.0000 1.0000 1.0000 1.0000 1.0000 1.0000 1.0000 1.0000 1.0000 1.0000 1.0000
        1.0000 1.0000 1.0000 1.0000 1.0000 1.0000 1.0000 1.0000 1.0000 1.0000 1.0000 1.0000
        1.0000 1.0000 1.0000 1.0000 1.0000 1.0000 1.0000 1.0000 1.0000 1.0000 1.0000 1.0000
   2025 1.0000 1.0000 1.0000 1.0000 1.0000 1.0000 1.0000 1.0000 1.0000 1.0000 1.0000 1.0000
        1.0000 1.0000 1.0000 1.0000 1.0000 1.0000 1.0000 1.0000 1.0000 1.0000 1.0000 1.0000
        1.0000 1.0000 1.0000 1.0000 1.0000 1.0000 1.0000 1.0000 1.0000 1.0000 1.0000 1.0000
   2026 1.0000 1.0000 1.0000 1.0000 1.0000 1.0000 1.0000 1.0000 1.0000 1.0000 1.0000 1.0000
        1.0000 1.0000 1.0000 1.0000 1.0000 1.0000 1.0000 1.0000 1.0000 1.0000 1.0000 1.0000
        1.0000 1.0000 1.0000 1.0000 1.0000 1.0000 1.0000 1.0000 1.0000 1.0000 1.0000 1.0000
   2027 1.0000 1.0000 1.0000 1.0000 1.0000 1.0000 1.0000 1.0000 1.0000 1.0000 1.0000 1.0000
        1.0000 1.0000 1.0000 1.0000 1.0000 1.0000 1.0000 1.0000 1.0000 1.0000 1.0000 1.0000
        1.0000 1.0000 1.0000 1.0000 1.0000 1.0000 1.0000 1.0000 1.0000 1.0000 1.0000 1.0000
   2028 1.0000 1.0000 1.0000 1.0000 1.0000 1.0000 1.0000 1.0000 1.0000 1.0000 1.0000 1.0000
        1.0000 1.0000 1.0000 1.0000 1.0000 1.0000 1.0000 1.0000 1.0000 1.0000 1.0000 1.0000
        1.0000 1.0000 1.0000 1.0000 1.0000 1.0000 1.0000 1.0000 1.0000 1.0000 1.0000 1.0000
  11   3
   2024 1.0000 1.0000 1.0000 1.0000 1.0000 1.0000 1.0000 1.0000 1.0000 1.0000 1.0000 1.0000
        1.0000 1.0000 1.0000 1.0000 1.0000 1.0000 1.0000 1.0000 1.0000 1.0000 1.0000 1.0000
        1.0000 1.0000 1.0000 1.0000 1.0000 1.0000 1.0000 1.0000 1.0000 1.0000 1.0000 1.0000
   2025 1.0000 1.0000 1.0000 1.0000 1.0000 1.0000 1.0000 1.0000 1.0000 1.0000 1.0000 1.0000
        1.0000 1.0000 1.0000 1.0000 1.0000 1.0000 1.0000 1.0000 1.0000 1.0000 1.0000 1.0000
        1.0000 1.0000 1.0000 1.0000 1.0000 1.0000 1.0000 1.0000 1.0000 1.0000 1.0000 1.0000
   2026 1.0000 1.0000 1.0000 1.0000 1.0000 1.0000 1.0000 1.0000 1.0000 1.0000 1.0000 1.0000
        1.0000 1.0000 1.0000 1.0000 1.0000 1.0000 1.0000 1.0000 1.0000 1.0000 1.0000 1.0000
        1.0000 1.0000 1.0000 1.0000 1.0000 1.0000 1.0000 1.0000 1.0000 1.0000 1.0000 1.0000
   2027 1.0000 1.0000 1.0000 1.0000 1.0000 1.0000 1.0000 1.0000 1.0000 1.0000 1.0000 1.0000
        1.0000 1.0000 1.0000 1.0000 1.0000 1.0000 1.0000 1.0000 1.0000 1.0000 1.0000 1.0000
        1.0000 1.0000 1.0000 1.0000 1.0000 1.0000 1.0000 1.0000 1.0000 1.0000 1.0000 1.0000
   2028 1.0000 1.0000 1.0000 1.0000 1.0000 1.0000 1.0000 1.0000 1.0000 1.0000 1.0000 1.0000
        1.0000 1.0000 1.0000 1.0000 1.0000 1.0000 1.0000 1.0000 1.0000 1.0000 1.0000 1.0000
        1.0000 1.0000 1.0000 1.0000 1.0000 1.0000 1.0000 1.0000 1.0000 1.0000 1.0000 1.0000
   4  11
   2024 1.0000 1.0000 1.0000 1.0000 1.0000 1.0000 1.0000 1.0000 1.0000 1.0000 1.0000 1.0000
        1.0000 1.0000 1.0000 1.0000 1.0000 1.0000 1.0000 1.0000 1.0000 1.0000 1.0000 1.0000
        1.0000 1.0000 1.0000 1.0000 1.0000 1.0000 1.0000 1.0000 1.0000 1.0000 1.0000 1.0000
   2025 1.0000 1.0000 1.0000 1.0000 1.0000 1.0000 1.0000 1.0000 1.0000 1.0000 1.0000 1.0000
        1.0000 1.0000 1.0000 1.0000 1.0000 1.0000 1.0000 1.0000 1.0000 1.0000 1.0000 1.0000
        1.0000 1.0000 1.0000 1.0000 1.0000 1.0000 1.0000 1.0000 1.0000 1.0000 1.0000 1.0000
   2026 1.0000 1.0000 1.0000 1.0000 1.0000 1.0000 1.0000 1.0000 1.0000 1.0000 1.0000 1.0000
        1.0000 1.0000 1.0000 1.0000 1.0000 1.0000 1.0000 1.0000 1.0000 1.0000 1.0000 1.0000
        1.0000 1.0000 1.0000 1.0000 1.0000 1.0000 1.0000 1.0000 1.0000 1.0000 1.0000 1.0000
   2027 1.0000 1.0000 1.0000 1.0000 1.0000 1.0000 1.0000 1.0000 1.0000 1.0000 1.0000 1.0000
        1.0000 1.0000 1.0000 1.0000 1.0000 1.0000 1.0000 1.0000 1.0000 1.0000 1.0000 1.0000
        1.0000 1.0000 1.0000 1.0000 1.0000 1.0000 1.0000 1.0000 1.0000 1.0000 1.0000 1.0000
   2028 1.0000 1.0000 1.0000 1.0000 1.0000 1.0000 1.0000 1.0000 1.0000 1.0000 1.0000 1.0000
        1.0000 1.0000 1.0000 1.0000 1.0000 1.0000 1.0000 1.0000 1.0000 1.0000 1.0000 1.0000
        1.0000 1.0000 1.0000 1.0000 1.0000 1.0000 1.0000 1.0000 1.0000 1.0000 1.0000 1.0000
  11   4
   2024 1.0000 1.0000 1.0000 1.0000 1.0000 1.0000 1.0000 1.0000 1.0000 1.0000 1.0000 1.0000
        1.0000 1.0000 1.0000 1.0000 1.0000 1.0000 1.0000 1.0000 1.0000 1.0000 1.0000 1.0000
        1.0000 1.0000 1.0000 1.0000 1.0000 1.0000 1.0000 1.0000 1.0000 1.0000 1.0000 1.0000
   2025 1.0000 1.0000 1.0000 1.0000 1.0000 1.0000 1.0000 1.0000 1.0000 1.0000 1.0000 1.0000
        1.0000 1.0000 1.0000 1.0000 1.0000 1.0000 1.0000 1.0000 1.0000 1.0000 1.0000 1.0000
        1.0000 1.0000 1.0000 1.0000 1.0000 1.0000 1.0000 1.0000 1.0000 1.0000 1.0000 1.0000
   2026 1.0000 1.0000 1.0000 1.0000 1.0000 1.0000 1.0000 1.0000 1.0000 1.0000 1.0000 1.0000
        1.0000 1.0000 1.0000 1.0000 1.0000 1.0000 1.0000 1.0000 1.0000 1.0000 1.0000 1.0000
        1.0000 1.0000 1.0000 1.0000 1.0000 1.0000 1.0000 1.0000 1.0000 1.0000 1.0000 1.0000
   2027 1.0000 1.0000 1.0000 1.0000 1.0000 1.0000 1.0000 1.0000 1.0000 1.0000 1.0000 1.0000
        1.0000 1.0000 1.0000 1.0000 1.0000 1.0000 1.0000 1.0000 1.0000 1.0000 1.0000 1.0000
        1.0000 1.0000 1.0000 1.0000 1.0000 1.0000 1.0000 1.0000 1.0000 1.0000 1.0000 1.0000
   2028 1.0000 1.0000 1.0000 1.0000 1.0000 1.0000 1.0000 1.0000 1.0000 1.0000 1.0000 1.0000
        1.0000 1.0000 1.0000 1.0000 1.0000 1.0000 1.0000 1.0000 1.0000 1.0000 1.0000 1.0000
        1.0000 1.0000 1.0000 1.0000 1.0000 1.0000 1.0000 1.0000 1.0000 1.0000 1.0000 1.0000
   1   3
   2024 1.0000 1.0000 1.0000 1.0000 1.0000 1.0000 1.0000 1.0000 1.0000 1.0000 1.0000 1.0000
        1.0000 1.0000 1.0000 1.0000 1.0000 1.0000 1.0000 1.0000 1.0000 1.0000 1.0000 1.0000
        1.0000 1.0000 1.0000 1.0000 1.0000 1.0000 1.0000 1.0000 1.0000 1.0000 1.0000 1.0000
   2025 1.0000 1.0000 1.0000 1.0000 1.0000 1.0000 1.0000 1.0000 1.0000 1.0000 1.0000 1.0000
        1.0000 1.0000 1.0000 1.0000 1.0000 1.0000 1.0000 1.0000 1.0000 1.0000 1.0000 1.0000
        1.0000 1.0000 1.0000 1.0000 1.0000 1.0000 1.0000 1.0000 1.0000 1.0000 1.0000 1.0000
   2026 1.0000 1.0000 1.0000 1.0000 1.0000 1.0000 1.0000 1.0000 1.0000 1.0000 1.0000 1.0000
        1.0000 1.0000 1.0000 1.0000 1.0000 1.0000 1.0000 1.0000 1.0000 1.0000 1.0000 1.0000
        1.0000 1.0000 1.0000 1.0000 1.0000 1.0000 1.0000 1.0000 1.0000 1.0000 1.0000 1.0000
   2027 1.0000 1.0000 1.0000 1.0000 1.0000 1.0000 1.0000 1.0000 1.0000 1.0000 1.0000 1.0000
        1.0000 1.0000 1.0000 1.0000 1.0000 1.0000 1.0000 1.0000 1.0000 1.0000 1.0000 1.0000
        1.0000 1.0000 1.0000 1.0000 1.0000 1.0000 1.0000 1.0000 1.0000 1.0000 1.0000 1.0000
   2028 1.0000 1.0000 1.0000 1.0000 1.0000 1.0000 1.0000 1.0000 1.0000 1.0000 1.0000 1.0000
        1.0000 1.0000 1.0000 1.0000 1.0000 1.0000 1.0000 1.0000 1.0000 1.0000 1.0000 1.0000
        1.0000 1.0000 1.0000 1.0000 1.0000 1.0000 1.0000 1.0000 1.0000 1.0000 1.0000 1.0000
   3   1
   2024 1.0000 1.0000 1.0000 1.0000 1.0000 1.0000 1.0000 1.0000 1.0000 1.0000 1.0000 1.0000
        1.0000 1.0000 1.0000 1.0000 1.0000 1.0000 1.0000 1.0000 1.0000 1.0000 1.0000 1.0000
        1.0000 1.0000 1.0000 1.0000 1.0000 1.0000 1.0000 1.0000 1.0000 1.0000 1.0000 1.0000
   2025 1.0106 1.0106 1.0103 1.0187 1.0227 1.0225 1.0238 1.0227 1.0194 1.0195 1.0193 1.0200
        0.9749 0.9749 0.9746 0.9515 0.9552 0.9551 0.9563 0.9552 0.9522 0.9523 0.9521 0.9527
        1.0106 1.0106 1.0103 1.0187 1.0227 1.0225 1.0238 1.0227 1.0194 1.0195 1.0193 1.0200
   2026 1.0197 1.0197 1.0200 1.0187 1.0221 1.0230 1.0238 1.0227 1.0190 1.0188 1.0193 1.0200
        0.9525 0.9525 0.9527 0.9515 0.9547 0.9556 0.9563 0.9552 0.9518 0.9516 0.9521 0.9527
        1.0197 1.0197 1.0200 1.0187 1.0221 1.0230 1.0238 1.0227 1.0190 1.0188 1.0193 1.0200
   2027 1.0194 1.0197 1.0200 1.0190 1.0221 1.0236 1.0232 1.0232 1.0190 1.0351 1.0374 1.0387
        0.9522 0.9525 0.9527 0.9518 0.9547 0.9561 0.9557 0.9557 0.9518 0.9071 0.9091 0.9102
        1.0194 1.0197 1.0200 1.0190 1.0221 1.0236 1.0232 1.0232 1.0190 1.0351 1.0374 1.0387
   2028 1.0376 1.0378 1.0387 1.0341 1.0445 1.0441 1.0434 1.0456 1.0435 1.0438 1.0451 1.0453
        0.9092 0.9094 0.9102 0.9062 0.9153 0.9150 0.9143 0.9162 0.8870 0.8872 0.8883 0.8885
        1.0376 1.0378 1.0387 1.0341 1.0445 1.0441 1.0434 1.0456 1.0435 1.0438 1.0451 1.0453
   1   4
   2024 1.0000 1.0000 1.0000 1.0000 1.0000 1.0000 1.0000 1.0000 1.0000 1.0000 2.5067 2.4382
        1.0000 1.0000 1.0000 1.0000 1.0000 1.0000 1.0000 1.0000 1.0000 1.0000 0.5968 0.5805
        1.0000 1.0000 1.0000 1.0000 1.0000 1.0000 1.0000 1.0000 1.0000 1.0000 0.5968 0.5805
   2025 1.0000 1.0000 1.0000 1.0000 1.0000 1.0000 1.0000 1.0000 1.0000 1.0000 1.0000 1.0000
        1.0000 1.0000 1.0000 1.0000 1.0000 1.0000 1.0000 1.0000 1.0000 1.0000 1.0000 1.0000
        1.0000 1.0000 1.0000 1.0000 1.0000 1.0000 1.0000 1.0000 1.0000 1.0000 1.0000 1.0000
   2026 1.0000 1.0000 1.0000 1.0000 1.0000 1.0000 1.0000 1.0000 1.0000 1.0000 1.0000 1.0000
        1.0000 1.0000 1.0000 1.0000 1.0000 1.0000 1.0000 1.0000 1.0000 1.0000 1.0000 1.0000
        1.0000 1.0000 1.0000 1.0000 1.0000 1.0000 1.0000 1.0000 1.0000 1.0000 1.0000 1.0000
   2027 1.0000 1.0000 1.0000 1.0000 1.0000 1.0000 1.0000 1.0000 1.0000 1.0000 1.0000 1.0000
        1.0000 1.0000 1.0000 1.0000 1.0000 1.0000 1.0000 1.0000 1.0000 1.0000 1.0000 1.0000
        1.0000 1.0000 1.0000 1.0000 1.0000 1.0000 1.0000 1.0000 1.0000 1.0000 1.0000 1.0000
   2028 1.0000 1.0000 1.0000 1.0000 1.0000 1.0000 1.0000 1.0000 1.0000 1.0000 1.0000 1.0000
        1.0000 1.0000 1.0000 1.0000 1.0000 1.0000 1.0000 1.0000 1.0000 1.0000 1.0000 1.0000
        1.0000 1.0000 1.0000 1.0000 1.0000 1.0000 1.0000 1.0000 1.0000 1.0000 1.0000 1.0000
   4   1
   2024 1.0000 1.0000 1.0000 1.0000 1.0000 1.0000 1.0000 1.0000 1.0000 1.0000 1.3568 1.3478
        1.0000 1.0000 1.0000 1.0000 1.0000 1.0000 1.0000 1.0000 1.0000 1.0000 0.9045 0.8986
        1.0000 1.0000 1.0000 1.0000 1.0000 1.0000 1.0000 1.0000 1.0000 1.0000 0.9045 0.8986
   2025 1.0000 1.0000 1.0000 1.0000 1.0000 1.0000 1.0000 1.0000 1.0000 1.0000 1.0000 1.0000
        1.0000 1.0000 1.0000 1.0000 1.0000 1.0000 1.0000 1.0000 1.0000 1.0000 1.0000 1.0000
        1.0000 1.0000 1.0000 1.0000 1.0000 1.0000 1.0000 1.0000 1.0000 1.0000 1.0000 1.0000
   2026 1.0000 1.0000 1.0000 1.0000 1.0000 1.0000 1.0000 1.0000 1.0000 1.0000 1.0000 1.0000
        1.0000 1.0000 1.0000 1.0000 1.0000 1.0000 1.0000 1.0000 1.0000 1.0000 1.0000 1.0000
        1.0000 1.0000 1.0000 1.0000 1.0000 1.0000 1.0000 1.0000 1.0000 1.0000 1.0000 1.0000
   2027 1.0000 1.0000 1.0000 1.0000 1.0000 1.0000 1.0000 1.0000 1.0000 1.0000 1.0000 1.0000
        1.0000 1.0000 1.0000 1.0000 1.0000 1.0000 1.0000 1.0000 1.0000 1.0000 1.0000 1.0000
        1.0000 1.0000 1.0000 1.0000 1.0000 1.0000 1.0000 1.0000 1.0000 1.0000 1.0000 1.0000
   2028 1.0000 1.0000 1.0000 1.0000 1.0000 1.0000 1.0000 1.0000 1.0000 1.0000 1.0000 1.0000
        1.0000 1.0000 1.0000 1.0000 1.0000 1.0000 1.0000 1.0000 1.0000 1.0000 1.0000 1.0000
        1.0000 1.0000 1.0000 1.0000 1.0000 1.0000 1.0000 1.0000 1.0000 1.0000 1.0000 1.0000
9999
 SBM  BLOCO
 XXX XXX
    ANO                 BLOCO DE USINAS NAO SIMULADAS (P.U. MONTANTE MED.)
   XXXX X.XXXX X.XXXX X.XXXX X.XXXX X.XXXX X.XXXX X.XXXX X.XXXX X.XXXX X.XXXX X.XXXX X.XXXX
   1  1
   2024 1.0000 1.0000 1.0000 1.0000 1.0000 1.0000 1.0000 1.0000 1.0000 1.0000 1.0052 1.0072
        1.0000 1.0000 1.0000 1.0000 1.0000 1.0000 1.0000 1.0000 1.0000 1.0000 0.9975 0.9983
        1.0000 1.0000 1.0000 1.0000 1.0000 1.0000 1.0000 1.0000 1.0000 1.0000 0.9992 0.9976
   2025 1.0022 0.9992 1.0023 1.0014 1.0151 1.0254 1.0313 1.0367 1.0227 1.0227 1.0053 1.0072
        0.9990 0.9980 0.9971 0.9977 0.9984 1.0010 1.0012 1.0022 0.9988 0.9994 0.9975 0.9982
        0.9996 1.0017 1.0007 1.0007 0.9959 0.9909 0.9865 0.9860 0.9888 0.9882 0.9992 0.9975
   2026 1.0022 0.9992 1.0023 1.0015 1.0153 1.0250 1.0312 1.0366 1.0232 1.0236 1.0053 1.0072
        0.9990 0.9980 0.9971 0.9977 0.9987 1.0007 1.0012 1.0022 0.9993 1.0003 0.9976 0.9983
        0.9996 1.0016 1.0007 1.0006 0.9960 0.9905 0.9865 0.9859 0.9892 0.9891 0.9992 0.9974
   2027 1.0023 0.9993 1.0024 1.0015 1.0153 1.0245 1.0316 1.0360 1.0232 1.0240 1.0053 1.0073
        0.9991 0.9981 0.9972 0.9977 0.9987 1.0004 1.0019 1.0018 0.9994 1.0009 0.9976 0.9983
        0.9995 1.0015 1.0006 1.0006 0.9960 0.9901 0.9870 0.9854 0.9891 0.9894 0.9990 0.9972
   2028 1.0024 0.9993 1.0024 1.0015 1.0149 1.0249 1.0321 1.0354 1.0237 1.0236 1.0053 1.0076
        0.9991 0.9981 0.9972 0.9977 0.9984 1.0007 1.0023 1.0013 0.9999 1.0005 0.9977 0.9986
        0.9994 1.0015 1.0006 1.0005 0.9956 0.9905 0.9874 0.9848 0.9896 0.9890 0.9991 0.9975
   1  2
   2024 1.0000 1.0000 1.0000 1.0000 1.0000 1.0000 1.0000 1.0000 1.0000 1.0000 0.9823 0.9993
        1.0000 1.0000 1.0000 1.0000 1.0000 1.0000 1.0000 1.0000 1.0000 1.0000 0.9930 0.9943
        1.0000 1.0000 1.0000 1.0000 1.0000 1.0000 1.0000 1.0000 1.0000 1.0000 1.0115 1.0038
   2025 0.9829 0.9813 1.0006 0.9996 0.9985 0.9941 0.9921 0.9886 0.9719 0.9860 0.9822 0.9995
        0.9965 0.9986 1.0043 0.9979 0.9913 0.9916 0.9906 0.9865 0.9869 0.9931 0.9929 0.9943
        1.0109 1.0105 0.9972 1.0014 1.0064 1.0076 1.0103 1.0131 1.0228 1.0118 1.0115 1.0039
   2026 0.9827 0.9810 1.0006 0.9996 0.9984 0.9944 0.9921 0.9886 0.9712 0.9853 0.9822 0.9995
        0.9962 0.9981 1.0042 0.9978 0.9911 0.9918 0.9906 0.9865 0.9862 0.9923 0.9929 0.9942
        1.0104 1.0101 0.9971 1.0014 1.0062 1.0078 1.0103 1.0131 1.0220 1.0111 1.0116 1.0039
   2027 0.9824 0.9810 1.0006 0.9996 0.9984 0.9946 0.9919 0.9890 0.9712 0.9849 0.9826 0.9996
        0.9958 0.9981 1.0041 0.9979 0.9911 0.9921 0.9903 0.9869 0.9862 0.9919 0.9933 0.9943
        1.0101 1.0101 0.9971 1.0014 1.0062 1.0081 1.0100 1.0135 1.0220 1.0107 1.0120 1.0040
   2028 0.9827 0.9811 1.0005 0.9995 0.9988 0.9944 0.9916 0.9894 0.9704 0.9853 0.9822 0.9994
        0.9962 0.9982 1.0041 0.9977 0.9915 0.9918 0.9900 0.9873 0.9854 0.9923 0.9929 0.9941
        1.0104 1.0102 0.9970 1.0013 1.0066 1.0078 1.0097 1.0139 1.0213 1.0111 1.0116 1.0037
   1  3
   2024 1.0000 1.0000 1.0000 1.0000 1.0000 1.0000 1.0000 1.0000 1.0000 1.0000 1.4358 1.3474
        1.0000 1.0000 1.0000 1.0000 1.0000 1.0000 1.0000 1.0000 1.0000 1.0000 1.0395 1.0526
        1.0000 1.0000 1.0000 1.0000 1.0000 1.0000 1.0000 1.0000 1.0000 1.0000 0.7939 0.8050
   2025 1.3895 1.3108 1.5193 1.4236 1.5037 1.6225 1.5997 1.3999 1.3472 1.2415 1.4358 1.3382
        0.9899 0.9571 0.9622 0.8790 1.0169 0.9939 0.9965 1.0319 0.9779 0.9560 1.0395 1.0454
        0.8088 0.8681 0.7968 0.8790 0.8160 0.7966 0.7621 0.8413 0.8318 0.8984 0.7939 0.7995
   2026 1.3993 1.3182 1.4941 1.4236 1.5146 1.6088 1.5997 1.3999 1.3561 1.2515 1.4358 1.3382
        0.9969 0.9626 0.9462 0.8790 1.0243 0.9855 0.9965 1.0319 0.9844 0.9637 1.0395 1.0454
        0.8145 0.8731 0.7836 0.8790 0.8219 0.7898 0.7621 0.8413 0.8373 0.9057 0.7939 0.7995
   2027 1.4091 1.3182 1.4941 1.4150 1.5146 1.5953 1.6137 1.3916 1.3561 1.2566 1.4242 1.3292
        1.0039 0.9626 0.9462 0.8738 1.0243 0.9772 1.0052 1.0257 0.9844 0.9676 1.0311 1.0384
        0.8202 0.8731 0.7836 0.8737 0.8219 0.7832 0.7687 0.8363 0.8373 0.9093 0.7874 0.7941
   2028 1.3993 1.3159 1.4819 1.4410 1.4930 1.6088 1.6279 1.3832 1.3650 1.2515 1.4358 1.3566
        0.9969 0.9609 0.9385 0.8898 1.0097 0.9855 1.0140 1.0196 0.9909 0.9637 1.0395 1.0598
        0.8145 0.8715 0.7771 0.8897 0.8102 0.7898 0.7755 0.8313 0.8429 0.9057 0.7939 0.8105
   1  4
   2024 1.0000 1.0000 1.0000 1.0000 1.0000 1.0000 1.0000 1.0000 1.0000 1.0000 0.8162 0.8349
        1.0000 1.0000 1.0000 1.0000 1.0000 1.0000 1.0000 1.0000 1.0000 1.0000 1.4738 1.4823
        1.0000 1.0000 1.0000 1.0000 1.0000 1.0000 1.0000 1.0000 1.0000 1.0000 0.8057 0.7838
   2025 0.8859 0.8930 0.8511 0.7273 0.2199 0.2355 0.2704 0.2875 0.7747 0.7431 0.8126 0.8307
        1.5084 1.4731 1.6286 1.5832 1.8845 2.0259 1.8823 1.9253 1.6027 1.5750 1.4731 1.4766
        0.7341 0.7516 0.6983 0.7972 0.6663 0.5711 0.6206 0.6155 0.7449 0.7764 0.8076 0.7824
   2026 0.8912 0.8977 0.8425 0.7286 0.2218 0.2335 0.2706 0.2877 0.7784 0.7489 0.8122 0.8304
        1.5146 1.4812 1.6111 1.5826 1.8947 2.0039 1.8806 1.9245 1.6110 1.5874 1.4730 1.4764
        0.7377 0.7546 0.6907 0.7969 0.6712 0.5678 0.6218 0.6160 0.7489 0.7825 0.8079 0.7827
   2027 0.8956 0.8978 0.8426 0.7262 0.2219 0.2314 0.2727 0.2854 0.7783 0.7518 0.8095 0.8274
        1.5217 1.4813 1.6111 1.5769 1.8944 1.9850 1.8941 1.9090 1.6110 1.5938 1.4687 1.4714
        0.7413 0.7545 0.6907 0.7940 0.6713 0.5632 0.6267 0.6112 0.7489 0.7857 0.8058 0.7803
   2028 0.8914 0.8965 0.8381 0.7341 0.2192 0.2335 0.2747 0.2832 0.7823 0.7488 0.8118 0.8356
        1.5144 1.4792 1.6024 1.5940 1.8711 2.0031 1.9083 1.8941 1.6192 1.5875 1.4729 1.4860
        0.7377 0.7533 0.6870 0.8026 0.6631 0.5683 0.6314 0.6065 0.7527 0.7826 0.8081 0.7880
   1  5
   2024 1.0000 1.0000 1.0000 1.0000 1.0000 1.0000 1.0000 1.0000 1.0000 1.0000 1.0000 1.0000
        1.0000 1.0000 1.0000 1.0000 1.0000 1.0000 1.0000 1.0000 1.0000 1.0000 1.0000 1.0000
        1.0000 1.0000 1.0000 1.0000 1.0000 1.0000 1.0000 1.0000 1.0000 1.0000 1.0000 1.0000
   2025 1.0000 1.0000 1.0000 1.0000 1.0000 1.0000 1.0000 1.0000 1.0000 1.0000 1.0000 1.0000
        1.0000 1.0000 1.0000 1.0000 1.0000 1.0000 1.0000 1.0000 1.0000 1.0000 1.0000 1.0000
        1.0000 1.0000 1.0000 1.0000 1.0000 1.0000 1.0000 1.0000 1.0000 1.0000 1.0000 1.0000
   2026 1.0000 1.0000 1.0000 1.0000 1.0000 1.0000 1.0000 1.0000 1.0000 1.0000 1.0000 1.0000
        1.0000 1.0000 1.0000 1.0000 1.0000 1.0000 1.0000 1.0000 1.0000 1.0000 1.0000 1.0000
        1.0000 1.0000 1.0000 1.0000 1.0000 1.0000 1.0000 1.0000 1.0000 1.0000 1.0000 1.0000
   2027 1.0000 1.0000 1.0000 1.0000 1.0000 1.0000 1.0000 1.0000 1.0000 1.0000 1.0000 1.0000
        1.0000 1.0000 1.0000 1.0000 1.0000 1.0000 1.0000 1.0000 1.0000 1.0000 1.0000 1.0000
        1.0000 1.0000 1.0000 1.0000 1.0000 1.0000 1.0000 1.0000 1.0000 1.0000 1.0000 1.0000
   2028 1.0000 1.0000 1.0000 1.0000 1.0000 1.0000 1.0000 1.0000 1.0000 1.0000 1.0000 1.0000
        1.0000 1.0000 1.0000 1.0000 1.0000 1.0000 1.0000 1.0000 1.0000 1.0000 1.0000 1.0000
        1.0000 1.0000 1.0000 1.0000 1.0000 1.0000 1.0000 1.0000 1.0000 1.0000 1.0000 1.0000
   1  6
   2024 1.0000 1.0000 1.0000 1.0000 1.0000 1.0000 1.0000 1.0000 1.0000 1.0000 1.0000 1.0000
        1.0000 1.0000 1.0000 1.0000 1.0000 1.0000 1.0000 1.0000 1.0000 1.0000 1.0000 1.0000
        1.0000 1.0000 1.0000 1.0000 1.0000 1.0000 1.0000 1.0000 1.0000 1.0000 1.0000 1.0000
   2025 1.0000 1.0000 1.0000 1.0000 1.0000 1.0000 1.0000 1.0000 1.0000 1.0000 1.0000 1.0000
        1.0000 1.0000 1.0000 1.0000 1.0000 1.0000 1.0000 1.0000 1.0000 1.0000 1.0000 1.0000
        1.0000 1.0000 1.0000 1.0000 1.0000 1.0000 1.0000 1.0000 1.0000 1.0000 1.0000 1.0000
   2026 1.0000 1.0000 1.0000 1.0000 1.0000 1.0000 1.0000 1.0000 1.0000 1.0000 1.0000 1.0000
        1.0000 1.0000 1.0000 1.0000 1.0000 1.0000 1.0000 1.0000 1.0000 1.0000 1.0000 1.0000
        1.0000 1.0000 1.0000 1.0000 1.0000 1.0000 1.0000 1.0000 1.0000 1.0000 1.0000 1.0000
   2027 1.0000 1.0000 1.0000 1.0000 1.0000 1.0000 1.0000 1.0000 1.0000 1.0000 1.0000 1.0000
        1.0000 1.0000 1.0000 1.0000 1.0000 1.0000 1.0000 1.0000 1.0000 1.0000 1.0000 1.0000
        1.0000 1.0000 1.0000 1.0000 1.0000 1.0000 1.0000 1.0000 1.0000 1.0000 1.0000 1.0000
   2028 1.0000 1.0000 1.0000 1.0000 1.0000 1.0000 1.0000 1.0000 1.0000 1.0000 1.0000 1.0000
        1.0000 1.0000 1.0000 1.0000 1.0000 1.0000 1.0000 1.0000 1.0000 1.0000 1.0000 1.0000
        1.0000 1.0000 1.0000 1.0000 1.0000 1.0000 1.0000 1.0000 1.0000 1.0000 1.0000 1.0000
   1  7
   2024 1.0000 1.0000 1.0000 1.0000 1.0000 1.0000 1.0000 1.0000 1.0000 1.0000 1.0000 1.0000
        1.0000 1.0000 1.0000 1.0000 1.0000 1.0000 1.0000 1.0000 1.0000 1.0000 1.0000 1.0000
        1.0000 1.0000 1.0000 1.0000 1.0000 1.0000 1.0000 1.0000 1.0000 1.0000 1.0000 1.0000
   2025 1.0000 1.0000 1.0000 1.0000 1.0000 1.0000 1.0000 1.0000 1.0000 1.0000 1.0000 1.0000
        1.0000 1.0000 1.0000 1.0000 1.0000 1.0000 1.0000 1.0000 1.0000 1.0000 1.0000 1.0000
        1.0000 1.0000 1.0000 1.0000 1.0000 1.0000 1.0000 1.0000 1.0000 1.0000 1.0000 1.0000
   2026 1.0000 1.0000 1.0000 1.0000 1.0000 1.0000 1.0000 1.0000 1.0000 1.0000 1.0000 1.0000
        1.0000 1.0000 1.0000 1.0000 1.0000 1.0000 1.0000 1.0000 1.0000 1.0000 1.0000 1.0000
        1.0000 1.0000 1.0000 1.0000 1.0000 1.0000 1.0000 1.0000 1.0000 1.0000 1.0000 1.0000
   2027 1.0000 1.0000 1.0000 1.0000 1.0000 1.0000 1.0000 1.0000 1.0000 1.0000 1.0000 1.0000
        1.0000 1.0000 1.0000 1.0000 1.0000 1.0000 1.0000 1.0000 1.0000 1.0000 1.0000 1.0000
        1.0000 1.0000 1.0000 1.0000 1.0000 1.0000 1.0000 1.0000 1.0000 1.0000 1.0000 1.0000
   2028 1.0000 1.0000 1.0000 1.0000 1.0000 1.0000 1.0000 1.0000 1.0000 1.0000 1.0000 1.0000
        1.0000 1.0000 1.0000 1.0000 1.0000 1.0000 1.0000 1.0000 1.0000 1.0000 1.0000 1.0000
        1.0000 1.0000 1.0000 1.0000 1.0000 1.0000 1.0000 1.0000 1.0000 1.0000 1.0000 1.0000
   1  8
   2024 1.0000 1.0000 1.0000 1.0000 1.0000 1.0000 1.0000 1.0000 1.0000 1.0000 0.7166 0.7535
        1.0000 1.0000 1.0000 1.0000 1.0000 1.0000 1.0000 1.0000 1.0000 1.0000 1.5445 1.5956
        1.0000 1.0000 1.0000 1.0000 1.0000 1.0000 1.0000 1.0000 1.0000 1.0000 0.8071 0.7530
   2025 0.7540 0.7478 0.7175 0.7085 0.1940 0.1834 0.1947 0.2223 0.7459 0.7221 0.7166 0.7535
        1.6416 1.6815 1.5975 1.7187 1.8524 1.8368 1.9389 1.8312 1.8035 1.7931 1.5445 1.6482
        0.7162 0.6925 0.7743 0.7302 0.6970 0.7144 0.6078 0.7017 0.6357 0.6507 0.8071 0.7123
   2026 0.7536 0.7479 0.7174 0.7085 0.1939 0.1835 0.1947 0.2223 0.7464 0.7216 0.7166 0.7535
        1.5881 1.6222 1.7091 1.7187 1.8070 1.8829 1.9389 1.8312 1.7565 1.6991 1.5445 1.6482
        0.7575 0.7390 0.6918 0.7302 0.7363 0.6714 0.6078 0.7017 0.6790 0.7319 0.8071 0.7123
   2027 0.7531 0.7479 0.7174 0.7092 0.1939 0.1836 0.1948 0.2222 0.7464 0.7213 0.7164 0.7533
        1.5333 1.6222 1.7091 1.7710 1.8070 1.9271 1.8984 1.8729 1.7565 1.6496 1.6020 1.6992
        0.7963 0.7390 0.6918 0.6885 0.7363 0.6254 0.6525 0.6606 0.6790 0.7686 0.7684 0.6689
   2028 0.7536 0.7479 0.7173 0.7072 0.1940 0.1835 0.1948 0.2222 0.7468 0.7216 0.7166 0.7536
        1.5881 1.6409 1.7625 1.6085 1.8954 1.8829 1.8560 1.9127 1.7074 1.6991 1.5445 1.5416
        0.7575 0.7250 0.6465 0.8055 0.6549 0.6714 0.6943 0.6168 0.7195 0.7319 0.8071 0.7913
   2  1
   2024 1.0000 1.0000 1.0000 1.0000 1.0000 1.0000 1.0000 1.0000 1.0000 1.0000 1.0128 1.0249
        1.0000 1.0000 1.0000 1.0000 1.0000 1.0000 1.0000 1.0000 1.0000 1.0000 0.9994 1.0042
        1.0000 1.0000 1.0000 1.0000 1.0000 1.0000 1.0000 1.0000 1.0000 1.0000 0.9950 0.9858
   2025 1.0226 1.0174 1.0160 1.0281 1.0255 1.0253 1.0312 1.0153 1.0263 1.0127 1.0128 1.0244
        1.0022 1.0006 0.9977 1.0007 0.9922 0.9977 0.9971 0.9868 1.0055 0.9998 0.9995 1.0038
        0.9871 0.9907 0.9944 0.9871 0.9966 0.9931 0.9897 1.0037 0.9829 0.9933 0.9949 0.9852
   2026 1.0227 1.0178 1.0156 1.0280 1.0258 1.0250 1.0313 1.0154 1.0269 1.0134 1.0128 1.0245
        1.0027 1.0011 0.9974 1.0008 0.9926 0.9974 0.9971 0.9870 1.0060 1.0004 0.9996 1.0039
        0.9877 0.9910 0.9938 0.9871 0.9966 0.9928 0.9896 1.0035 0.9835 0.9937 0.9948 0.9851
   2027 1.0229 1.0178 1.0158 1.0274 1.0260 1.0248 1.0318 1.0155 1.0270 1.0138 1.0126 1.0240
        1.0032 1.0011 0.9976 1.0003 0.9929 0.9971 0.9976 0.9872 1.0060 1.0007 0.9995 1.0035
        0.9882 0.9909 0.9935 0.9866 0.9963 0.9924 0.9900 1.0034 0.9835 0.9938 0.9946 0.9845
   2028 1.0224 1.0177 1.0156 1.0290 1.0256 1.0251 1.0322 1.0156 1.0276 1.0136 1.0128 1.0255
        1.0028 1.0011 0.9974 1.0019 0.9925 0.9974 0.9979 0.9872 1.0066 1.0004 0.9997 1.0050
        0.9878 0.9908 0.9932 0.9882 0.9959 0.9927 0.9904 1.0035 0.9841 0.9936 0.9948 0.9860
   2  2
   2024 1.0000 1.0000 1.0000 1.0000 1.0000 1.0000 1.0000 1.0000 1.0000 1.0000 0.9867 0.9824
        1.0000 1.0000 1.0000 1.0000 1.0000 1.0000 1.0000 1.0000 1.0000 1.0000 0.9981 0.9925
        1.0000 1.0000 1.0000 1.0000 1.0000 1.0000 1.0000 1.0000 1.0000 1.0000 1.0067 1.0128
   2025 0.9803 0.9815 0.9961 0.9748 0.9954 1.0083 1.0025 1.0044 0.9848 0.9942 0.9867 0.9828
        0.9997 0.9893 0.9957 0.9895 0.9888 1.0034 0.9903 0.9921 0.9907 0.9937 0.9981 0.9928
        1.0102 1.0164 1.0042 1.0171 1.0092 0.9950 1.0064 1.0039 1.0137 1.0071 1.0067 1.0133
   2026 0.9799 0.9810 0.9963 0.9748 0.9951 1.0080 1.0024 1.0043 0.9844 0.9937 0.9866 0.9828
        0.9993 0.9887 0.9958 0.9894 0.9884 1.0031 0.9901 0.9920 0.9902 0.9932 0.9980 0.9928
        1.0099 1.0159 1.0046 1.0171 1.0090 0.9949 1.0065 1.0040 1.0133 1.0067 1.0068 1.0133
   2027 0.9795 0.9810 0.9963 0.9754 0.9951 1.0078 1.0022 1.0044 0.9844 0.9935 0.9869 0.9832
        0.9989 0.9887 0.9958 0.9900 0.9884 1.0029 0.9900 0.9921 0.9902 0.9930 0.9982 0.9932
        1.0095 1.0159 1.0046 1.0177 1.0090 0.9948 1.0064 1.0041 1.0133 1.0065 1.0071 1.0137
   2028 0.9799 0.9812 0.9964 0.9735 0.9956 1.0080 1.0021 1.0045 0.9839 0.9937 0.9866 0.9820
        0.9993 0.9888 0.9959 0.9882 0.9889 1.0031 0.9898 0.9921 0.9898 0.9932 0.9980 0.9920
        1.0099 1.0160 1.0047 1.0158 1.0096 0.9949 1.0062 1.0042 1.0128 1.0067 1.0068 1.0125
   2  3
   2024 1.0000 1.0000 1.0000 1.0000 1.0000 1.0000 1.0000 1.0000 1.0000 1.0000 1.0861 1.1226
        1.0000 1.0000 1.0000 1.0000 1.0000 1.0000 1.0000 1.0000 1.0000 1.0000 1.0013 0.9664
        1.0000 1.0000 1.0000 1.0000 1.0000 1.0000 1.0000 1.0000 1.0000 1.0000 0.9630 0.9629
   2025 1.1242 1.1182 1.1535 1.0737 0.9863 1.0260 1.0278 1.0190 1.0516 1.0562 1.0860 1.1202
        0.9632 0.9805 0.9727 1.0237 0.9782 0.9772 0.9889 0.9329 1.0038 0.9899 1.0014 0.9649
        0.9605 0.9519 0.9493 0.9541 1.0195 1.0065 0.9973 1.0391 0.9706 0.9763 0.9630 0.9614
   2026 1.1256 1.1195 1.1482 1.0737 0.9857 1.0261 1.0278 1.0190 1.0527 1.0582 1.0860 1.1202
        0.9649 0.9827 0.9682 1.0237 0.9777 0.9773 0.9889 0.9329 1.0049 0.9918 1.0014 0.9649
        0.9624 0.9543 0.9450 0.9541 1.0189 1.0066 0.9973 1.0391 0.9717 0.9781 0.9630 0.9614
   2027 1.1276 1.1195 1.1482 1.0718 0.9857 1.0262 1.0280 1.0200 1.0527 1.0592 1.0844 1.1183
        0.9666 0.9827 0.9682 1.0219 0.9777 0.9774 0.9891 0.9338 1.0049 0.9927 0.9998 0.9633
        0.9641 0.9543 0.9450 0.9525 1.0189 1.0067 0.9974 1.0402 0.9717 0.9790 0.9615 0.9597
   2028 1.1256 1.1187 1.1456 1.0774 0.9869 1.0261 1.0282 1.0211 1.0539 1.0582 1.0860 1.1240
        0.9649 0.9821 0.9660 1.0272 0.9788 0.9773 0.9893 0.9348 1.0060 0.9918 1.0014 0.9682
        0.9624 0.9537 0.9429 0.9574 1.0201 1.0066 0.9976 1.0412 0.9727 0.9781 0.9630 0.9647
   2  4
   2024 1.0000 1.0000 1.0000 1.0000 1.0000 1.0000 1.0000 1.0000 1.0000 1.0000 0.6901 0.7686
        1.0000 1.0000 1.0000 1.0000 1.0000 1.0000 1.0000 1.0000 1.0000 1.0000 1.3679 1.4710
        1.0000 1.0000 1.0000 1.0000 1.0000 1.0000 1.0000 1.0000 1.0000 1.0000 0.9196 0.8218
   2025 0.8833 0.8813 0.8488 0.7202 0.1834 0.1438 0.1811 0.2222 0.7118 0.6816 0.6901 0.7671
        1.4872 1.3751 1.6174 1.4449 1.8630 1.7350 1.6814 1.7636 1.5527 1.5150 1.3679 1.4681
        0.7490 0.8205 0.7058 0.8772 0.6934 0.7955 0.8094 0.7476 0.8088 0.8470 0.9196 0.8201
   2026 0.8872 0.8841 0.8401 0.7202 0.1844 0.1435 0.1811 0.2222 0.7140 0.6841 0.6901 0.7671
        1.4938 1.3794 1.6008 1.4449 1.8728 1.7307 1.6814 1.7636 1.5575 1.5204 1.3679 1.4681
        0.7523 0.8231 0.6985 0.8772 0.6970 0.7935 0.8094 0.7476 0.8113 0.8500 0.9196 0.8201
   2027 0.8911 0.8841 0.8401 0.7192 0.1844 0.1431 0.1815 0.2213 0.7140 0.6853 0.6905 0.7655
        1.5004 1.3794 1.6008 1.4429 1.8728 1.7266 1.6848 1.7566 1.5575 1.5233 1.3688 1.4650
        0.7556 0.8231 0.6985 0.8760 0.6970 0.7916 0.8110 0.7446 0.8113 0.8516 0.9202 0.8184
   2028 0.8872 0.8833 0.8357 0.7222 0.1824 0.1435 0.1819 0.2205 0.7161 0.6841 0.6901 0.7702
        1.4938 1.3781 1.5925 1.4489 1.8530 1.7307 1.6882 1.7496 1.5622 1.5204 1.3679 1.4740
        0.7523 0.8223 0.6949 0.8797 0.6897 0.7935 0.8127 0.7417 0.8138 0.8500 0.9196 0.8234
   2  5
   2024 1.0000 1.0000 1.0000 1.0000 1.0000 1.0000 1.0000 1.0000 1.0000 1.0000 1.0000 1.0000
        1.0000 1.0000 1.0000 1.0000 1.0000 1.0000 1.0000 1.0000 1.0000 1.0000 1.0000 1.0000
        1.0000 1.0000 1.0000 1.0000 1.0000 1.0000 1.0000 1.0000 1.0000 1.0000 1.0000 1.0000
   2025 1.0000 1.0000 1.0000 1.0000 1.0000 1.0000 1.0000 1.0000 1.0000 1.0000 1.0000 1.0000
        1.0000 1.0000 1.0000 1.0000 1.0000 1.0000 1.0000 1.0000 1.0000 1.0000 1.0000 1.0000
        1.0000 1.0000 1.0000 1.0000 1.0000 1.0000 1.0000 1.0000 1.0000 1.0000 1.0000 1.0000
   2026 1.0000 1.0000 1.0000 1.0000 1.0000 1.0000 1.0000 1.0000 1.0000 1.0000 1.0000 1.0000
        1.0000 1.0000 1.0000 1.0000 1.0000 1.0000 1.0000 1.0000 1.0000 1.0000 1.0000 1.0000
        1.0000 1.0000 1.0000 1.0000 1.0000 1.0000 1.0000 1.0000 1.0000 1.0000 1.0000 1.0000
   2027 1.0000 1.0000 1.0000 1.0000 1.0000 1.0000 1.0000 1.0000 1.0000 1.0000 1.0000 1.0000
        1.0000 1.0000 1.0000 1.0000 1.0000 1.0000 1.0000 1.0000 1.0000 1.0000 1.0000 1.0000
        1.0000 1.0000 1.0000 1.0000 1.0000 1.0000 1.0000 1.0000 1.0000 1.0000 1.0000 1.0000
   2028 1.0000 1.0000 1.0000 1.0000 1.0000 1.0000 1.0000 1.0000 1.0000 1.0000 1.0000 1.0000
        1.0000 1.0000 1.0000 1.0000 1.0000 1.0000 1.0000 1.0000 1.0000 1.0000 1.0000 1.0000
        1.0000 1.0000 1.0000 1.0000 1.0000 1.0000 1.0000 1.0000 1.0000 1.0000 1.0000 1.0000
   2  6
   2024 1.0000 1.0000 1.0000 1.0000 1.0000 1.0000 1.0000 1.0000 1.0000 1.0000 1.0000 1.0000
        1.0000 1.0000 1.0000 1.0000 1.0000 1.0000 1.0000 1.0000 1.0000 1.0000 1.0000 1.0000
        1.0000 1.0000 1.0000 1.0000 1.0000 1.0000 1.0000 1.0000 1.0000 1.0000 1.0000 1.0000
   2025 1.0000 1.0000 1.0000 1.0000 1.0000 1.0000 1.0000 1.0000 1.0000 1.0000 1.0000 1.0000
        1.0000 1.0000 1.0000 1.0000 1.0000 1.0000 1.0000 1.0000 1.0000 1.0000 1.0000 1.0000
        1.0000 1.0000 1.0000 1.0000 1.0000 1.0000 1.0000 1.0000 1.0000 1.0000 1.0000 1.0000
   2026 1.0000 1.0000 1.0000 1.0000 1.0000 1.0000 1.0000 1.0000 1.0000 1.0000 1.0000 1.0000
        1.0000 1.0000 1.0000 1.0000 1.0000 1.0000 1.0000 1.0000 1.0000 1.0000 1.0000 1.0000
        1.0000 1.0000 1.0000 1.0000 1.0000 1.0000 1.0000 1.0000 1.0000 1.0000 1.0000 1.0000
   2027 1.0000 1.0000 1.0000 1.0000 1.0000 1.0000 1.0000 1.0000 1.0000 1.0000 1.0000 1.0000
        1.0000 1.0000 1.0000 1.0000 1.0000 1.0000 1.0000 1.0000 1.0000 1.0000 1.0000 1.0000
        1.0000 1.0000 1.0000 1.0000 1.0000 1.0000 1.0000 1.0000 1.0000 1.0000 1.0000 1.0000
   2028 1.0000 1.0000 1.0000 1.0000 1.0000 1.0000 1.0000 1.0000 1.0000 1.0000 1.0000 1.0000
        1.0000 1.0000 1.0000 1.0000 1.0000 1.0000 1.0000 1.0000 1.0000 1.0000 1.0000 1.0000
        1.0000 1.0000 1.0000 1.0000 1.0000 1.0000 1.0000 1.0000 1.0000 1.0000 1.0000 1.0000
   2  7
   2024 1.0000 1.0000 1.0000 1.0000 1.0000 1.0000 1.0000 1.0000 1.0000 1.0000 1.0000 1.0000
        1.0000 1.0000 1.0000 1.0000 1.0000 1.0000 1.0000 1.0000 1.0000 1.0000 1.0000 1.0000
        1.0000 1.0000 1.0000 1.0000 1.0000 1.0000 1.0000 1.0000 1.0000 1.0000 1.0000 1.0000
   2025 1.0000 1.0000 1.0000 1.0000 1.0000 1.0000 1.0000 1.0000 1.0000 1.0000 1.0000 1.0000
        1.0000 1.0000 1.0000 1.0000 1.0000 1.0000 1.0000 1.0000 1.0000 1.0000 1.0000 1.0000
        1.0000 1.0000 1.0000 1.0000 1.0000 1.0000 1.0000 1.0000 1.0000 1.0000 1.0000 1.0000
   2026 1.0000 1.0000 1.0000 1.0000 1.0000 1.0000 1.0000 1.0000 1.0000 1.0000 1.0000 1.0000
        1.0000 1.0000 1.0000 1.0000 1.0000 1.0000 1.0000 1.0000 1.0000 1.0000 1.0000 1.0000
        1.0000 1.0000 1.0000 1.0000 1.0000 1.0000 1.0000 1.0000 1.0000 1.0000 1.0000 1.0000
   2027 1.0000 1.0000 1.0000 1.0000 1.0000 1.0000 1.0000 1.0000 1.0000 1.0000 1.0000 1.0000
        1.0000 1.0000 1.0000 1.0000 1.0000 1.0000 1.0000 1.0000 1.0000 1.0000 1.0000 1.0000
        1.0000 1.0000 1.0000 1.0000 1.0000 1.0000 1.0000 1.0000 1.0000 1.0000 1.0000 1.0000
   2028 1.0000 1.0000 1.0000 1.0000 1.0000 1.0000 1.0000 1.0000 1.0000 1.0000 1.0000 1.0000
        1.0000 1.0000 1.0000 1.0000 1.0000 1.0000 1.0000 1.0000 1.0000 1.0000 1.0000 1.0000
        1.0000 1.0000 1.0000 1.0000 1.0000 1.0000 1.0000 1.0000 1.0000 1.0000 1.0000 1.0000
   2  8
   2024 1.0000 1.0000 1.0000 1.0000 1.0000 1.0000 1.0000 1.0000 1.0000 1.0000 0.8415 0.8678
        1.0000 1.0000 1.0000 1.0000 1.0000 1.0000 1.0000 1.0000 1.0000 1.0000 1.4559 1.5282
        1.0000 1.0000 1.0000 1.0000 1.0000 1.0000 1.0000 1.0000 1.0000 1.0000 0.8053 0.7405
   2025 0.9022 0.8608 0.8545 0.8147 0.2312 0.1991 0.2086 0.2708 0.8592 0.8469 0.8415 0.8682
        1.5988 1.6312 1.5542 1.6758 1.9382 1.8693 1.9523 1.9202 1.7930 1.7292 1.4559 1.5780
        0.6683 0.6668 0.7401 0.7069 0.6259 0.6875 0.5921 0.6246 0.5828 0.6241 0.8053 0.6988
   2026 0.9034 0.8609 0.8531 0.8147 0.2319 0.1993 0.2086 0.2708 0.8613 0.8463 0.8415 0.8682
        1.5508 1.5746 1.6599 1.6758 1.8966 1.9164 1.9523 1.9202 1.7493 1.6393 1.4559 1.5780
        0.7099 0.7149 0.6543 0.7069 0.6667 0.6420 0.5921 0.6246 0.6278 0.7087 0.8053 0.6988
   2027 0.9046 0.8609 0.8531 0.8156 0.2319 0.1995 0.2083 0.2698 0.8613 0.8461 0.8426 0.8685
        1.5013 1.5746 1.6599 1.7271 1.8966 1.9617 1.9085 1.9571 1.7493 1.5919 1.5113 1.6265
        0.7492 0.7149 0.6543 0.6629 0.6667 0.5932 0.6402 0.5825 0.6278 0.7470 0.7651 0.6543
   2028 0.9034 0.8609 0.8523 0.8129 0.2306 0.1993 0.2080 0.2688 0.8632 0.8463 0.8415 0.8674
        1.5508 1.5924 1.7102 1.5677 1.9771 1.9164 1.8629 1.9917 1.7032 1.6393 1.4559 1.4769
        0.7099 0.7004 0.6073 0.7863 0.5826 0.6420 0.6851 0.5379 0.6701 0.7087 0.8053 0.7796
   3  1
   2024 1.0000 1.0000 1.0000 1.0000 1.0000 1.0000 1.0000 1.0000 1.0000 1.0000 1.0129 1.0080
        1.0000 1.0000 1.0000 1.0000 1.0000 1.0000 1.0000 1.0000 1.0000 1.0000 1.0232 1.0159
        1.0000 1.0000 1.0000 1.0000 1.0000 1.0000 1.0000 1.0000 1.0000 1.0000 0.9813 0.9866
   2025 1.0067 0.9937 1.0046 0.9862 0.9799 0.9941 1.0006 0.9957 0.9954 0.9950 1.0132 1.0081
        1.0150 1.0167 1.0259 1.0214 1.0240 1.0144 1.0122 1.0282 1.0234 1.0209 1.0219 1.0146
        0.9871 0.9925 0.9829 0.9942 0.9906 0.9924 0.9905 0.9823 0.9879 0.9896 0.9819 0.9866
   2026 1.0076 0.9953 1.0043 0.9874 0.9814 0.9959 1.0014 0.9978 0.9963 0.9955 1.0132 1.0081
        1.0147 1.0162 1.0240 1.0202 1.0224 1.0131 1.0112 1.0271 1.0223 1.0206 1.0219 1.0146
        0.9875 0.9923 0.9825 0.9944 0.9915 0.9922 0.9909 0.9823 0.9887 0.9904 0.9819 0.9866
   2027 1.0080 0.9953 1.0043 0.9873 0.9814 0.9957 1.0017 0.9973 0.9963 0.9957 1.0127 1.0078
        1.0150 1.0162 1.0240 1.0201 1.0224 1.0129 1.0115 1.0266 1.0223 1.0209 1.0213 1.0143
        0.9878 0.9923 0.9825 0.9943 0.9915 0.9920 0.9911 0.9819 0.9887 0.9906 0.9814 0.9862
   2028 1.0076 0.9953 1.0039 0.9875 0.9811 0.9959 1.0019 0.9968 0.9966 0.9955 1.0132 1.0088
        1.0147 1.0162 1.0236 1.0203 1.0220 1.0131 1.0117 1.0261 1.0225 1.0206 1.0219 1.0153
        0.9875 0.9922 0.9821 0.9945 0.9912 0.9922 0.9914 0.9814 0.9890 0.9904 0.9819 0.9873
   3  2
   2024 1.0000 1.0000 1.0000 1.0000 1.0000 1.0000 1.0000 1.0000 1.0000 1.0000 0.9827 0.9901
        1.0000 1.0000 1.0000 1.0000 1.0000 1.0000 1.0000 1.0000 1.0000 1.0000 0.9919 0.9937
        1.0000 1.0000 1.0000 1.0000 1.0000 1.0000 1.0000 1.0000 1.0000 1.0000 1.0119 1.0085
   2025 0.9941 0.9912 0.9798 0.9846 0.9888 0.9925 0.9840 0.9918 0.9996 0.9936 0.9828 0.9903
        0.9949 0.9941 0.9922 0.9964 0.9967 0.9988 0.9891 0.9948 0.9990 0.9954 0.9918 0.9939
        1.0062 1.0082 1.0133 1.0088 1.0060 1.0033 1.0147 1.0064 1.0008 1.0063 1.0119 1.0088
   2026 0.9940 0.9910 0.9807 0.9846 0.9886 0.9926 0.9840 0.9918 0.9996 0.9933 0.9828 0.9903
        0.9947 0.9939 0.9931 0.9964 0.9965 0.9989 0.9891 0.9948 0.9989 0.9950 0.9918 0.9939
        1.0060 1.0080 1.0142 1.0088 1.0058 1.0034 1.0147 1.0064 1.0008 1.0059 1.0119 1.0088
   2027 0.9938 0.9910 0.9807 0.9849 0.9886 0.9927 0.9835 0.9920 0.9996 0.9931 0.9832 0.9906
        0.9945 0.9939 0.9931 0.9967 0.9965 0.9991 0.9886 0.9950 0.9989 0.9948 0.9922 0.9942
        1.0059 1.0080 1.0142 1.0092 1.0058 1.0036 1.0143 1.0066 1.0008 1.0057 1.0124 1.0090
   2028 0.9940 0.9911 0.9812 0.9839 0.9890 0.9926 0.9831 0.9922 0.9996 0.9933 0.9828 0.9898
        0.9947 0.9940 0.9935 0.9957 0.9970 0.9989 0.9882 0.9952 0.9989 0.9950 0.9918 0.9934
        1.0060 1.0081 1.0146 1.0082 1.0063 1.0034 1.0138 1.0068 1.0008 1.0059 1.0119 1.0083
   3  3
   2024 1.0000 1.0000 1.0000 1.0000 1.0000 1.0000 1.0000 1.0000 1.0000 1.0000 1.0408 1.0041
        1.0000 1.0000 1.0000 1.0000 1.0000 1.0000 1.0000 1.0000 1.0000 1.0000 0.9820 0.9629
        1.0000 1.0000 1.0000 1.0000 1.0000 1.0000 1.0000 1.0000 1.0000 1.0000 0.9931 1.0206
   2025 0.9675 0.9737 0.9186 0.9008 0.9486 0.9451 0.9724 1.0162 0.9816 0.9533 1.0405 1.0040
        0.9561 0.9566 0.9550 0.9814 0.9153 0.9609 0.9764 0.9569 0.9721 0.9517 0.9823 0.9637
        1.0444 1.0413 1.0616 1.0544 1.0751 1.0444 1.0290 1.0237 1.0269 1.0553 0.9931 1.0211
   2026 0.9663 0.9726 0.9224 0.9013 0.9465 0.9466 0.9724 1.0160 0.9808 0.9502 1.0404 1.0040
        0.9553 0.9556 0.9589 0.9816 0.9133 0.9623 0.9765 0.9570 0.9714 0.9487 0.9823 0.9637
        1.0431 1.0400 1.0655 1.0541 1.0726 1.0460 1.0290 1.0237 1.0260 1.0517 0.9931 1.0211
   2027 0.9651 0.9726 0.9224 0.9032 0.9465 0.9481 0.9715 1.0166 0.9808 0.9487 1.0399 1.0044
        0.9542 0.9556 0.9589 0.9837 0.9133 0.9638 0.9756 0.9576 0.9714 0.9471 0.9818 0.9641
        1.0418 1.0400 1.0655 1.0563 1.0726 1.0476 1.0281 1.0243 1.0260 1.0500 0.9926 1.0215
   2028 0.9663 0.9729 0.9242 0.8976 0.9509 0.9466 0.9706 1.0173 0.9800 0.9502 1.0404 1.0032
        0.9553 0.9560 0.9608 0.9775 0.9175 0.9623 0.9748 0.9581 0.9706 0.9487 0.9823 0.9629
        1.0431 1.0403 1.0676 1.0497 1.0775 1.0460 1.0272 1.0250 1.0252 1.0517 0.9931 1.0203
   3  4
   2024 1.0000 1.0000 1.0000 1.0000 1.0000 1.0000 1.0000 1.0000 1.0000 1.0000 0.7144 0.7481
        1.0000 1.0000 1.0000 1.0000 1.0000 1.0000 1.0000 1.0000 1.0000 1.0000 1.4658 1.4818
        1.0000 1.0000 1.0000 1.0000 1.0000 1.0000 1.0000 1.0000 1.0000 1.0000 0.8532 0.8248
   2025 0.8069 0.7950 0.7548 0.6979 0.1774 0.2024 0.2531 0.2620 0.7801 0.7223 0.7131 0.7447
        1.5038 1.5118 1.6578 1.5686 1.8354 1.8767 1.8266 1.7810 1.5905 1.5678 1.4668 1.4806
        0.7771 0.7771 0.7230 0.8183 0.7142 0.6815 0.6700 0.7222 0.7496 0.7921 0.8532 0.8235
   2026 0.8090 0.7970 0.7476 0.6972 0.1778 0.2006 0.2524 0.2615 0.7832 0.7263 0.7128 0.7442
        1.5095 1.5182 1.6446 1.5693 1.8431 1.8644 1.8264 1.7809 1.5990 1.5790 1.4670 1.4809
        0.7794 0.7794 0.7176 0.8183 0.7182 0.6783 0.6704 0.7225 0.7536 0.7977 0.8531 0.8235
   2027 0.8115 0.7969 0.7474 0.6952 0.1778 0.1994 0.2538 0.2601 0.7829 0.7286 0.7119 0.7427
        1.5145 1.5183 1.6446 1.5650 1.8430 1.8533 1.8373 1.7722 1.5992 1.5846 1.4656 1.4782
        0.7819 0.7794 0.7176 0.8160 0.7183 0.6745 0.6745 0.7190 0.7536 0.8005 0.8523 0.8220
   2028 0.8089 0.7961 0.7443 0.7011 0.1761 0.2005 0.2553 0.2588 0.7869 0.7260 0.7126 0.7467
        1.5096 1.5168 1.6379 1.5783 1.8258 1.8642 1.8485 1.7637 1.6072 1.5791 1.4671 1.4862
        0.7794 0.7786 0.7147 0.8229 0.7116 0.6785 0.6787 0.7156 0.7574 0.7977 0.8531 0.8265
   3  5
   2024 1.0000 1.0000 1.0000 1.0000 1.0000 1.0000 1.0000 1.0000 1.0000 1.0000 1.0000 1.0000
        1.0000 1.0000 1.0000 1.0000 1.0000 1.0000 1.0000 1.0000 1.0000 1.0000 1.0000 1.0000
        1.0000 1.0000 1.0000 1.0000 1.0000 1.0000 1.0000 1.0000 1.0000 1.0000 1.0000 1.0000
   2025 1.0000 1.0000 1.0000 1.0000 1.0000 1.0000 1.0000 1.0000 1.0000 1.0000 1.0000 1.0000
        1.0000 1.0000 1.0000 1.0000 1.0000 1.0000 1.0000 1.0000 1.0000 1.0000 1.0000 1.0000
        1.0000 1.0000 1.0000 1.0000 1.0000 1.0000 1.0000 1.0000 1.0000 1.0000 1.0000 1.0000
   2026 1.0000 1.0000 1.0000 1.0000 1.0000 1.0000 1.0000 1.0000 1.0000 1.0000 1.0000 1.0000
        1.0000 1.0000 1.0000 1.0000 1.0000 1.0000 1.0000 1.0000 1.0000 1.0000 1.0000 1.0000
        1.0000 1.0000 1.0000 1.0000 1.0000 1.0000 1.0000 1.0000 1.0000 1.0000 1.0000 1.0000
   2027 1.0000 1.0000 1.0000 1.0000 1.0000 1.0000 1.0000 1.0000 1.0000 1.0000 1.0000 1.0000
        1.0000 1.0000 1.0000 1.0000 1.0000 1.0000 1.0000 1.0000 1.0000 1.0000 1.0000 1.0000
        1.0000 1.0000 1.0000 1.0000 1.0000 1.0000 1.0000 1.0000 1.0000 1.0000 1.0000 1.0000
   2028 1.0000 1.0000 1.0000 1.0000 1.0000 1.0000 1.0000 1.0000 1.0000 1.0000 1.0000 1.0000
        1.0000 1.0000 1.0000 1.0000 1.0000 1.0000 1.0000 1.0000 1.0000 1.0000 1.0000 1.0000
        1.0000 1.0000 1.0000 1.0000 1.0000 1.0000 1.0000 1.0000 1.0000 1.0000 1.0000 1.0000
   3  6
   2024 1.0000 1.0000 1.0000 1.0000 1.0000 1.0000 1.0000 1.0000 1.0000 1.0000 1.0000 1.0000
        1.0000 1.0000 1.0000 1.0000 1.0000 1.0000 1.0000 1.0000 1.0000 1.0000 1.0000 1.0000
        1.0000 1.0000 1.0000 1.0000 1.0000 1.0000 1.0000 1.0000 1.0000 1.0000 1.0000 1.0000
   2025 1.0000 1.0000 1.0000 1.0000 1.0000 1.0000 1.0000 1.0000 1.0000 1.0000 1.0000 1.0000
        1.0000 1.0000 1.0000 1.0000 1.0000 1.0000 1.0000 1.0000 1.0000 1.0000 1.0000 1.0000
        1.0000 1.0000 1.0000 1.0000 1.0000 1.0000 1.0000 1.0000 1.0000 1.0000 1.0000 1.0000
   2026 1.0000 1.0000 1.0000 1.0000 1.0000 1.0000 1.0000 1.0000 1.0000 1.0000 1.0000 1.0000
        1.0000 1.0000 1.0000 1.0000 1.0000 1.0000 1.0000 1.0000 1.0000 1.0000 1.0000 1.0000
        1.0000 1.0000 1.0000 1.0000 1.0000 1.0000 1.0000 1.0000 1.0000 1.0000 1.0000 1.0000
   2027 1.0000 1.0000 1.0000 1.0000 1.0000 1.0000 1.0000 1.0000 1.0000 1.0000 1.0000 1.0000
        1.0000 1.0000 1.0000 1.0000 1.0000 1.0000 1.0000 1.0000 1.0000 1.0000 1.0000 1.0000
        1.0000 1.0000 1.0000 1.0000 1.0000 1.0000 1.0000 1.0000 1.0000 1.0000 1.0000 1.0000
   2028 1.0000 1.0000 1.0000 1.0000 1.0000 1.0000 1.0000 1.0000 1.0000 1.0000 1.0000 1.0000
        1.0000 1.0000 1.0000 1.0000 1.0000 1.0000 1.0000 1.0000 1.0000 1.0000 1.0000 1.0000
        1.0000 1.0000 1.0000 1.0000 1.0000 1.0000 1.0000 1.0000 1.0000 1.0000 1.0000 1.0000
   3  7
   2024 1.0000 1.0000 1.0000 1.0000 1.0000 1.0000 1.0000 1.0000 1.0000 1.0000 1.0000 1.0000
        1.0000 1.0000 1.0000 1.0000 1.0000 1.0000 1.0000 1.0000 1.0000 1.0000 1.0000 1.0000
        1.0000 1.0000 1.0000 1.0000 1.0000 1.0000 1.0000 1.0000 1.0000 1.0000 1.0000 1.0000
   2025 1.0000 1.0000 1.0000 1.0000 1.0000 1.0000 1.0000 1.0000 1.0000 1.0000 1.0000 1.0000
        1.0000 1.0000 1.0000 1.0000 1.0000 1.0000 1.0000 1.0000 1.0000 1.0000 1.0000 1.0000
        1.0000 1.0000 1.0000 1.0000 1.0000 1.0000 1.0000 1.0000 1.0000 1.0000 1.0000 1.0000
   2026 1.0000 1.0000 1.0000 1.0000 1.0000 1.0000 1.0000 1.0000 1.0000 1.0000 1.0000 1.0000
        1.0000 1.0000 1.0000 1.0000 1.0000 1.0000 1.0000 1.0000 1.0000 1.0000 1.0000 1.0000
        1.0000 1.0000 1.0000 1.0000 1.0000 1.0000 1.0000 1.0000 1.0000 1.0000 1.0000 1.0000
   2027 1.0000 1.0000 1.0000 1.0000 1.0000 1.0000 1.0000 1.0000 1.0000 1.0000 1.0000 1.0000
        1.0000 1.0000 1.0000 1.0000 1.0000 1.0000 1.0000 1.0000 1.0000 1.0000 1.0000 1.0000
        1.0000 1.0000 1.0000 1.0000 1.0000 1.0000 1.0000 1.0000 1.0000 1.0000 1.0000 1.0000
   2028 1.0000 1.0000 1.0000 1.0000 1.0000 1.0000 1.0000 1.0000 1.0000 1.0000 1.0000 1.0000
        1.0000 1.0000 1.0000 1.0000 1.0000 1.0000 1.0000 1.0000 1.0000 1.0000 1.0000 1.0000
        1.0000 1.0000 1.0000 1.0000 1.0000 1.0000 1.0000 1.0000 1.0000 1.0000 1.0000 1.0000
   3  8
   2024 1.0000 1.0000 1.0000 1.0000 1.0000 1.0000 1.0000 1.0000 1.0000 1.0000 0.5211 0.5534
        1.0000 1.0000 1.0000 1.0000 1.0000 1.0000 1.0000 1.0000 1.0000 1.0000 1.6108 1.6889
        1.0000 1.0000 1.0000 1.0000 1.0000 1.0000 1.0000 1.0000 1.0000 1.0000 0.8514 0.7901
   2025 0.5714 0.5700 0.5511 0.5571 0.1099 0.1043 0.1041 0.1147 0.5667 0.5434 0.5211 0.5534
        1.7423 1.7600 1.6156 1.7739 1.8115 1.7789 1.8622 1.7768 1.8304 1.8526 1.6108 1.7454
        0.7447 0.7334 0.8360 0.7669 0.7535 0.7794 0.7026 0.7755 0.7128 0.7090 0.8514 0.7519
   2026 0.5715 0.5702 0.5521 0.5571 0.1100 0.1042 0.1041 0.1147 0.5667 0.5430 0.5211 0.5534
        1.6862 1.6982 1.7323 1.7739 1.7691 1.8221 1.8622 1.7768 1.7812 1.7554 1.6108 1.7454
        0.7832 0.7763 0.7609 0.7669 0.7871 0.7431 0.7026 0.7755 0.7513 0.7816 0.8514 0.7519
   2027 0.5716 0.5702 0.5521 0.5566 0.1100 0.1042 0.1041 0.1147 0.5667 0.5429 0.5211 0.5534
        1.6286 1.6982 1.7323 1.8245 1.7691 1.8635 1.8223 1.8181 1.7812 1.7042 1.6715 1.8001
        0.8195 0.7763 0.7609 0.7308 0.7871 0.7042 0.7408 0.7399 0.7513 0.8144 0.8160 0.7111
   2028 0.5715 0.5702 0.5526 0.5581 0.1098 0.1042 0.1040 0.1148 0.5665 0.5430 0.5211 0.5534
        1.6862 1.7177 1.7883 1.6660 1.8515 1.8221 1.7807 1.8576 1.7299 1.7554 1.6108 1.6309
        0.7832 0.7634 0.7194 0.8326 0.7177 0.7431 0.7765 0.7019 0.7871 0.7816 0.8514 0.8261
   4  1
   2024 1.0000 1.0000 1.0000 1.0000 1.0000 1.0000 1.0000 1.0000 1.0000 1.0000 0.9953 1.0006
        1.0000 1.0000 1.0000 1.0000 1.0000 1.0000 1.0000 1.0000 1.0000 1.0000 1.0023 1.0006
        1.0000 1.0000 1.0000 1.0000 1.0000 1.0000 1.0000 1.0000 1.0000 1.0000 1.0007 0.9994
   2025 0.9953 0.9916 0.9952 0.9939 1.0080 1.0023 0.9971 1.0000 0.9957 1.0036 0.9953 1.0006
        1.0007 1.0012 0.9991 1.0007 0.9936 0.9925 0.9951 0.9880 0.9981 0.9948 1.0023 1.0005
        1.0020 1.0035 1.0026 1.0023 1.0016 1.0042 1.0049 1.0082 1.0034 1.0014 1.0007 0.9994
   2026 0.9952 0.9916 0.9956 0.9940 1.0075 1.0022 0.9969 1.0000 0.9954 1.0031 0.9952 1.0006
        1.0006 1.0011 0.9994 1.0007 0.9934 0.9926 0.9952 0.9880 0.9979 0.9949 1.0022 1.0005
        1.0019 1.0033 1.0026 1.0023 1.0018 1.0044 1.0049 1.0082 1.0034 1.0015 1.0008 0.9994
   2027 0.9953 0.9917 0.9958 0.9941 1.0075 1.0023 0.9967 1.0002 0.9954 1.0031 0.9952 1.0006
        1.0006 1.0011 0.9995 1.0008 0.9934 0.9928 0.9950 0.9882 0.9979 0.9949 1.0022 1.0005
        1.0016 1.0032 1.0025 1.0023 1.0018 1.0045 1.0048 1.0084 1.0034 1.0015 1.0009 0.9994
   2028 0.9954 0.9917 0.9958 0.9938 1.0076 1.0022 0.9966 1.0004 0.9953 1.0031 0.9952 1.0006
        1.0007 1.0012 0.9996 1.0005 0.9935 0.9926 0.9949 0.9885 0.9978 0.9949 1.0022 1.0005
        1.0017 1.0033 1.0026 1.0020 1.0019 1.0044 1.0047 1.0086 1.0033 1.0015 1.0008 0.9994
   4  2
   2024 1.0000 1.0000 1.0000 1.0000 1.0000 1.0000 1.0000 1.0000 1.0000 1.0000 0.9982 0.9954
        1.0000 1.0000 1.0000 1.0000 1.0000 1.0000 1.0000 1.0000 1.0000 1.0000 1.0022 0.9999
        1.0000 1.0000 1.0000 1.0000 1.0000 1.0000 1.0000 1.0000 1.0000 1.0000 0.9995 1.0022
   2025 0.9912 1.0033 1.0011 0.9864 1.0003 0.9767 0.9926 0.9972 1.0130 0.9905 0.9982 0.9955
        0.9971 1.0036 0.9948 0.9936 0.9965 0.9833 0.9967 0.9935 1.0026 1.0038 1.0022 1.0000
        1.0063 0.9960 1.0026 1.0096 1.0023 1.0189 1.0054 1.0054 0.9916 1.0027 0.9995 1.0023
   2026 0.9910 1.0034 1.0012 0.9864 1.0002 0.9774 0.9926 0.9972 1.0133 0.9902 0.9982 0.9955
        0.9969 1.0038 0.9949 0.9936 0.9964 0.9840 0.9967 0.9935 1.0029 1.0035 1.0022 1.0000
        1.0061 0.9961 1.0026 1.0096 1.0022 1.0195 1.0054 1.0054 0.9919 1.0025 0.9995 1.0023
   2027 0.9908 1.0034 1.0012 0.9867 1.0002 0.9780 0.9925 0.9973 1.0133 0.9901 0.9982 0.9956
        0.9967 1.0038 0.9949 0.9939 0.9964 0.9846 0.9966 0.9937 1.0029 1.0034 1.0022 1.0001
        1.0059 0.9961 1.0026 1.0100 1.0022 1.0202 1.0053 1.0056 0.9919 1.0023 0.9995 1.0023
   2028 0.9910 1.0034 1.0013 0.9857 1.0003 0.9774 0.9923 0.9975 1.0136 0.9902 0.9982 0.9954
        0.9969 1.0037 0.9949 0.9929 0.9965 0.9840 0.9964 0.9938 1.0032 1.0035 1.0022 0.9999
        1.0061 0.9961 1.0027 1.0089 1.0024 1.0195 1.0051 1.0057 0.9922 1.0025 0.9995 1.0021
   4  3
   2024 1.0000 1.0000 1.0000 1.0000 1.0000 1.0000 1.0000 1.0000 1.0000 1.0000 0.9453 0.9762
        1.0000 1.0000 1.0000 1.0000 1.0000 1.0000 1.0000 1.0000 1.0000 1.0000 1.0258 1.0143
        1.0000 1.0000 1.0000 1.0000 1.0000 1.0000 1.0000 1.0000 1.0000 1.0000 1.0082 1.0025
   2025 1.1043 1.1867 1.3124 1.3741 1.1905 1.1334 0.9215 0.8350 0.8996 0.9495 0.9453 0.9764
        1.0033 1.0120 1.0123 1.0747 1.1581 1.1605 1.0727 0.9710 0.9866 1.0201 1.0258 1.0145
        0.9450 0.8966 0.8574 0.7923 0.8274 0.8486 0.9761 1.0762 1.0609 1.0144 1.0082 1.0027
   2026 1.1065 1.1914 1.2980 1.3741 1.1972 1.1278 0.9215 0.8350 0.8976 0.9482 0.9453 0.9764
        1.0053 1.0160 1.0012 1.0747 1.1646 1.1547 1.0727 0.9710 0.9844 1.0187 1.0258 1.0145
        0.9468 0.9001 0.8480 0.7923 0.8320 0.8443 0.9761 1.0762 1.0585 1.0131 1.0082 1.0027
   2027 1.1086 1.1914 1.2980 1.3632 1.1972 1.1223 0.9218 0.8373 0.8976 0.9476 0.9459 0.9766
        1.0072 1.0160 1.0012 1.0662 1.1646 1.1491 1.0731 0.9737 0.9844 1.0180 1.0265 1.0147
        0.9487 0.9001 0.8480 0.7860 0.8320 0.8402 0.9764 1.0792 1.0585 1.0124 1.0088 1.0030
   2028 1.1065 1.1899 1.2910 1.3965 1.1839 1.1278 0.9221 0.8397 0.8957 0.9482 0.9453 0.9760
        1.0053 1.0148 0.9958 1.0922 1.1517 1.1547 1.0735 0.9765 0.9823 1.0187 1.0258 1.0140
        0.9468 0.8990 0.8434 0.8052 0.8228 0.8443 0.9768 1.0822 1.0562 1.0131 1.0082 1.0022
   4  4
   2024 1.0000 1.0000 1.0000 1.0000 1.0000 1.0000 1.0000 1.0000 1.0000 1.0000 0.7410 0.8354
        1.0000 1.0000 1.0000 1.0000 1.0000 1.0000 1.0000 1.0000 1.0000 1.0000 1.5835 1.6012
        1.0000 1.0000 1.0000 1.0000 1.0000 1.0000 1.0000 1.0000 1.0000 1.0000 0.7745 0.7112
   2025 0.8651 0.9527 0.7782 0.8472 0.3004 0.3082 0.3419 0.3383 0.7943 0.6674 0.7410 0.8313
        1.5706 1.5966 1.6779 1.6126 1.8173 1.7899 1.7747 1.7934 1.6820 1.7056 1.5835 1.5934
        0.7051 0.6419 0.7011 0.7276 0.6844 0.7041 0.6739 0.6877 0.6856 0.7349 0.7745 0.7077
   2026 0.8696 0.9602 0.7709 0.8472 0.3022 0.3064 0.3419 0.3383 0.7997 0.6734 0.7410 0.8313
        1.5788 1.6093 1.6622 1.6126 1.8282 1.7796 1.7747 1.7934 1.6935 1.7210 1.5835 1.5934
        0.7088 0.6470 0.6945 0.7276 0.6885 0.7000 0.6739 0.6877 0.6903 0.7415 0.7745 0.7077
   2027 0.8741 0.9602 0.7709 0.8420 0.3022 0.3047 0.3441 0.3363 0.7997 0.6765 0.7387 0.8272
        1.5870 1.6093 1.6622 1.6026 1.8282 1.7695 1.7858 1.7824 1.6935 1.7289 1.5787 1.5856
        0.7125 0.6470 0.6945 0.7231 0.6885 0.6960 0.6781 0.6835 0.6903 0.7449 0.7722 0.7042
   2028 0.8696 0.9579 0.7672 0.8579 0.2986 0.3064 0.3463 0.3342 0.8051 0.6734 0.7410 0.8395
        1.5788 1.6054 1.6543 1.6329 1.8062 1.7796 1.7971 1.7716 1.7049 1.7210 1.5835 1.6091
        0.7088 0.6455 0.6912 0.7368 0.6802 0.7000 0.6824 0.6793 0.6949 0.7415 0.7745 0.7146
   4  5
   2024 1.0000 1.0000 1.0000 1.0000 1.0000 1.0000 1.0000 1.0000 1.0000 1.0000 1.0000 1.0000
        1.0000 1.0000 1.0000 1.0000 1.0000 1.0000 1.0000 1.0000 1.0000 1.0000 1.0000 1.0000
        1.0000 1.0000 1.0000 1.0000 1.0000 1.0000 1.0000 1.0000 1.0000 1.0000 1.0000 1.0000
   2025 1.0000 1.0000 1.0000 1.0000 1.0000 1.0000 1.0000 1.0000 1.0000 1.0000 1.0000 1.0000
        1.0000 1.0000 1.0000 1.0000 1.0000 1.0000 1.0000 1.0000 1.0000 1.0000 1.0000 1.0000
        1.0000 1.0000 1.0000 1.0000 1.0000 1.0000 1.0000 1.0000 1.0000 1.0000 1.0000 1.0000
   2026 1.0000 1.0000 1.0000 1.0000 1.0000 1.0000 1.0000 1.0000 1.0000 1.0000 1.0000 1.0000
        1.0000 1.0000 1.0000 1.0000 1.0000 1.0000 1.0000 1.0000 1.0000 1.0000 1.0000 1.0000
        1.0000 1.0000 1.0000 1.0000 1.0000 1.0000 1.0000 1.0000 1.0000 1.0000 1.0000 1.0000
   2027 1.0000 1.0000 1.0000 1.0000 1.0000 1.0000 1.0000 1.0000 1.0000 1.0000 1.0000 1.0000
        1.0000 1.0000 1.0000 1.0000 1.0000 1.0000 1.0000 1.0000 1.0000 1.0000 1.0000 1.0000
        1.0000 1.0000 1.0000 1.0000 1.0000 1.0000 1.0000 1.0000 1.0000 1.0000 1.0000 1.0000
   2028 1.0000 1.0000 1.0000 1.0000 1.0000 1.0000 1.0000 1.0000 1.0000 1.0000 1.0000 1.0000
        1.0000 1.0000 1.0000 1.0000 1.0000 1.0000 1.0000 1.0000 1.0000 1.0000 1.0000 1.0000
        1.0000 1.0000 1.0000 1.0000 1.0000 1.0000 1.0000 1.0000 1.0000 1.0000 1.0000 1.0000
   4  6
   2024 1.0000 1.0000 1.0000 1.0000 1.0000 1.0000 1.0000 1.0000 1.0000 1.0000 1.0000 1.0000
        1.0000 1.0000 1.0000 1.0000 1.0000 1.0000 1.0000 1.0000 1.0000 1.0000 1.0000 1.0000
        1.0000 1.0000 1.0000 1.0000 1.0000 1.0000 1.0000 1.0000 1.0000 1.0000 1.0000 1.0000
   2025 1.0000 1.0000 1.0000 1.0000 1.0000 1.0000 1.0000 1.0000 1.0000 1.0000 1.0000 1.0000
        1.0000 1.0000 1.0000 1.0000 1.0000 1.0000 1.0000 1.0000 1.0000 1.0000 1.0000 1.0000
        1.0000 1.0000 1.0000 1.0000 1.0000 1.0000 1.0000 1.0000 1.0000 1.0000 1.0000 1.0000
   2026 1.0000 1.0000 1.0000 1.0000 1.0000 1.0000 1.0000 1.0000 1.0000 1.0000 1.0000 1.0000
        1.0000 1.0000 1.0000 1.0000 1.0000 1.0000 1.0000 1.0000 1.0000 1.0000 1.0000 1.0000
        1.0000 1.0000 1.0000 1.0000 1.0000 1.0000 1.0000 1.0000 1.0000 1.0000 1.0000 1.0000
   2027 1.0000 1.0000 1.0000 1.0000 1.0000 1.0000 1.0000 1.0000 1.0000 1.0000 1.0000 1.0000
        1.0000 1.0000 1.0000 1.0000 1.0000 1.0000 1.0000 1.0000 1.0000 1.0000 1.0000 1.0000
        1.0000 1.0000 1.0000 1.0000 1.0000 1.0000 1.0000 1.0000 1.0000 1.0000 1.0000 1.0000
   2028 1.0000 1.0000 1.0000 1.0000 1.0000 1.0000 1.0000 1.0000 1.0000 1.0000 1.0000 1.0000
        1.0000 1.0000 1.0000 1.0000 1.0000 1.0000 1.0000 1.0000 1.0000 1.0000 1.0000 1.0000
        1.0000 1.0000 1.0000 1.0000 1.0000 1.0000 1.0000 1.0000 1.0000 1.0000 1.0000 1.0000
   4  7
   2024 1.0000 1.0000 1.0000 1.0000 1.0000 1.0000 1.0000 1.0000 1.0000 1.0000 1.0000 1.0000
        1.0000 1.0000 1.0000 1.0000 1.0000 1.0000 1.0000 1.0000 1.0000 1.0000 1.0000 1.0000
        1.0000 1.0000 1.0000 1.0000 1.0000 1.0000 1.0000 1.0000 1.0000 1.0000 1.0000 1.0000
   2025 1.0000 1.0000 1.0000 1.0000 1.0000 1.0000 1.0000 1.0000 1.0000 1.0000 1.0000 1.0000
        1.0000 1.0000 1.0000 1.0000 1.0000 1.0000 1.0000 1.0000 1.0000 1.0000 1.0000 1.0000
        1.0000 1.0000 1.0000 1.0000 1.0000 1.0000 1.0000 1.0000 1.0000 1.0000 1.0000 1.0000
   2026 1.0000 1.0000 1.0000 1.0000 1.0000 1.0000 1.0000 1.0000 1.0000 1.0000 1.0000 1.0000
        1.0000 1.0000 1.0000 1.0000 1.0000 1.0000 1.0000 1.0000 1.0000 1.0000 1.0000 1.0000
        1.0000 1.0000 1.0000 1.0000 1.0000 1.0000 1.0000 1.0000 1.0000 1.0000 1.0000 1.0000
   2027 1.0000 1.0000 1.0000 1.0000 1.0000 1.0000 1.0000 1.0000 1.0000 1.0000 1.0000 1.0000
        1.0000 1.0000 1.0000 1.0000 1.0000 1.0000 1.0000 1.0000 1.0000 1.0000 1.0000 1.0000
        1.0000 1.0000 1.0000 1.0000 1.0000 1.0000 1.0000 1.0000 1.0000 1.0000 1.0000 1.0000
   2028 1.0000 1.0000 1.0000 1.0000 1.0000 1.0000 1.0000 1.0000 1.0000 1.0000 1.0000 1.0000
        1.0000 1.0000 1.0000 1.0000 1.0000 1.0000 1.0000 1.0000 1.0000 1.0000 1.0000 1.0000
        1.0000 1.0000 1.0000 1.0000 1.0000 1.0000 1.0000 1.0000 1.0000 1.0000 1.0000 1.0000
   4  8
   2024 1.0000 1.0000 1.0000 1.0000 1.0000 1.0000 1.0000 1.0000 1.0000 1.0000 0.7486 0.7860
        1.0000 1.0000 1.0000 1.0000 1.0000 1.0000 1.0000 1.0000 1.0000 1.0000 1.5634 1.6256
        1.0000 1.0000 1.0000 1.0000 1.0000 1.0000 1.0000 1.0000 1.0000 1.0000 0.7828 0.7195
   2025 0.8174 0.8134 0.8074 0.7914 0.2862 0.2893 0.2966 0.2942 0.7957 0.7722 0.7486 0.7860
        1.6603 1.6896 1.5661 1.6654 1.8032 1.7669 1.8618 1.7785 1.7598 1.7975 1.5634 1.6793
        0.6722 0.6537 0.7536 0.7230 0.6988 0.7257 0.6257 0.7129 0.6366 0.6212 0.7828 0.6760
   2026 0.8175 0.8142 0.8067 0.7914 0.2862 0.2895 0.2966 0.2942 0.7956 0.7725 0.7486 0.7860
        1.6074 1.6318 1.6737 1.6654 1.7601 1.8107 1.8618 1.7785 1.7128 1.7055 1.5634 1.6793
        0.7158 0.7020 0.6691 0.7230 0.7373 0.6841 0.6257 0.7129 0.6809 0.7050 0.7828 0.6760
   2027 0.8176 0.8142 0.8067 0.7920 0.2862 0.2897 0.2966 0.2943 0.7956 0.7727 0.7485 0.7859
        1.5530 1.6318 1.6737 1.7153 1.7601 1.8528 1.8226 1.8197 1.7128 1.6569 1.6216 1.7314
        0.7568 0.7020 0.6691 0.6812 0.7373 0.6394 0.6692 0.6722 0.6809 0.7431 0.7419 0.6296
   2028 0.8175 0.8140 0.8063 0.7902 0.2861 0.2895 0.2966 0.2944 0.7954 0.7725 0.7486 0.7861
        1.6074 1.6500 1.7250 1.5598 1.8440 1.8107 1.7816 1.8590 1.6637 1.7055 1.5634 1.5704
        0.7158 0.6874 0.6227 0.7987 0.6577 0.6841 0.7100 0.6287 0.7222 0.7050 0.7828 0.7604